2021-05-20, 12:26:47,R7: 0.5/18.0...3500µm,3.78 %,Water,6515,0,15,14.50,Full,15.00,2.00,12.00,Rep_05,382.80,781.21,1267.52,0.00,0.00,0.03,0.17,0.65,0.77,1.80,44.05,0.00,0.00,0.00,0.00,0.00,0.00,0.00,0.00,0.00,0.07,0.10,0.19,0.40,0.55,0.72,1.23,2.03,3.18,4.01,6.62,10.08,13.69,16.27,16.14,13.26,7.30,2.85,1.30,0.00,0.00,0.00 
2021-05-20, 12:26:28,R7: 0.5/18.0...3500µm,3.85 %,Water,6515,0,15,14.50,Full,15.00,2.00,12.00,Rep_04,379.08,763.61,1164.61,0.00,0.00,0.03,0.17,0.65,0.77,1.81,45.82,0.00,0.00,0.00,0.00,0.00,0.00,0.00,0.00,0.00,0.07,0.10,0.19,0.41,0.56,0.72,1.25,2.08,3.29,4.16,6.85,10.47,14.41,17.41,17.70,14.26,6.05,0.00,0.00,0.00,0.00,0.00 
2021-05-20, 12:26:09,R7: 0.5/18.0...3500µm,3.93 %,Water,6515,0,15,14.50,Full,15.00,2.00,12.00,Rep_03,384.65,786.05,1283.05,0.00,0.00,0.03,0.17,0.64,0.76,1.77,43.54,0.00,0.00,0.00,0.00,0.00,0.00,0.00,0.00,0.00,0.07,0.10,0.19,0.40,0.54,0.71,1.22,2.00,3.14,3.97,6.55,9.96,13.54,16.14,16.21,13.40,7.13,2.58,1.21,0.80,0.16,0.00 
2021-05-20, 12:25:50,R7: 0.5/18.0...3500µm,3.78 %,Water,6515,0,15,14.50,Full,15.00,2.00,12.00,Rep_02,388.38,791.30,1307.11,0.00,0.00,0.00,0.10,0.56,0.67,1.67,42.96,0.00,0.00,0.00,0.00,0.00,0.00,0.00,0.00,0.00,0.00,0.10,0.19,0.39,0.53,0.69,1.20,1.97,3.09,3.90,6.44,9.85,13.47,16.08,16.08,13.33,7.44,2.88,1.18,0.79,0.42,0.00 
2021-05-20, 12:25:30,R7: 0.5/18.0...3500µm,3.79 %,Water,6515,0,15,14.50,Full,15.00,2.00,12.00,Rep_01,385.76,772.76,1170.34,0.00,0.00,0.00,0.10,0.56,0.67,1.67,44.72,0.00,0.00,0.00,0.00,0.00,0.00,0.00,0.00,0.00,0.00,0.10,0.18,0.39,0.54,0.70,1.21,2.00,3.16,4.02,6.68,10.28,14.23,17.29,17.98,14.96,6.29,0.00,0.00,0.00,0.00,0.00 
2021-05-20, 12:24:09,R7: 0.5/18.0...3500µm,4.68 %,Water,6515,0,15,21.70,Full,15.00,2.00,12.00,Rep_05,296.41,645.48,1030.69,0.00,0.00,0.30,0.63,1.69,1.95,4.01,60.98,0.00,0.00,0.00,0.00,0.00,0.00,0.00,0.08,0.13,0.17,0.25,0.44,0.87,1.13,1.39,2.27,3.52,5.19,6.17,9.45,12.95,15.79,16.46,13.31,7.99,2.44,0.00,0.00,0.00,0.00,0.00 
2021-05-20, 12:23:51,R7: 0.5/18.0...3500µm,4.71 %,Water,6515,0,15,21.70,Full,15.00,2.00,12.00,Rep_04,297.95,646.27,1021.70,0.00,0.00,0.30,0.62,1.65,1.91,3.93,61.00,0.00,0.00,0.00,0.00,0.00,0.00,0.00,0.08,0.13,0.17,0.24,0.43,0.85,1.11,1.37,2.26,3.50,5.15,6.12,9.42,13.02,15.96,16.69,13.44,7.83,2.24,0.00,0.00,0.00,0.00,0.00 
2021-05-20, 12:23:31,R7: 0.5/18.0...3500µm,4.59 %,Water,6515,0,15,21.70,Full,15.00,2.00,12.00,Rep_03,297.25,643.97,1019.27,0.00,0.00,0.30,0.62,1.66,1.91,3.95,61.32,0.00,0.00,0.00,0.00,0.00,0.00,0.00,0.08,0.13,0.17,0.24,0.44,0.86,1.12,1.38,2.26,3.52,5.19,6.17,9.49,13.09,15.99,16.61,13.32,7.77,2.17,0.00,0.00,0.00,0.00,0.00 
2021-05-20, 12:23:13,R7: 0.5/18.0...3500µm,4.61 %,Water,6515,0,15,21.70,Full,15.00,2.00,12.00,Rep_02,296.70,643.99,1018.58,0.00,0.00,0.30,0.63,1.67,1.93,3.98,61.32,0.00,0.00,0.00,0.00,0.00,0.00,0.00,0.08,0.13,0.17,0.24,0.44,0.86,1.12,1.39,2.27,3.52,5.19,6.17,9.48,13.07,16.00,16.67,13.32,7.70,2.18,0.00,0.00,0.00,0.00,0.00 
2021-05-20, 12:22:54,R7: 0.5/18.0...3500µm,4.54 %,Water,6515,0,15,21.70,Full,15.00,2.00,12.00,Rep_01,302.46,663.54,1147.31,0.00,0.00,0.29,0.60,1.61,1.85,3.81,58.13,0.00,0.00,0.00,0.00,0.00,0.00,0.00,0.08,0.13,0.16,0.23,0.42,0.83,1.07,1.33,2.17,3.37,4.96,5.90,9.05,12.37,14.96,15.33,12.37,8.27,3.77,1.44,0.74,0.60,0.45,0.00 
2021-05-20, 12:18:38,R7: 0.5/18.0...3500µm,3.02 %,Water,6510,0,10,17.40,Full,15.00,2.00,12.00,Rep_07,304.19,615.55,950.10,0.00,0.00,0.24,0.51,1.40,1.63,3.50,67.28,0.00,0.00,0.00,0.00,0.00,0.00,0.00,0.07,0.11,0.14,0.20,0.37,0.75,1.02,1.29,2.18,3.50,5.38,6.67,10.73,15.21,18.41,17.56,11.39,5.02,0.00,0.00,0.00,0.00,0.00,0.00 
2021-05-20, 12:18:18,R7: 0.5/18.0...3500µm,3.06 %,Water,6510,0,10,17.40,Full,15.00,2.00,12.00,Rep_06,303.29,614.84,948.17,0.00,0.00,0.24,0.51,1.42,1.65,3.55,67.43,0.00,0.00,0.00,0.00,0.00,0.00,0.00,0.07,0.11,0.14,0.20,0.37,0.76,1.03,1.31,2.20,3.51,5.37,6.67,10.74,15.23,18.46,17.58,11.33,4.91,0.00,0.00,0.00,0.00,0.00,0.00 
2021-05-20, 12:17:56,R7: 0.5/18.0...3500µm,2.97 %,Water,6510,0,10,17.40,Full,15.00,2.00,12.00,Rep_05,306.23,624.89,1003.45,0.00,0.00,0.24,0.50,1.38,1.60,3.45,64.90,0.00,0.00,0.00,0.00,0.00,0.00,0.00,0.07,0.10,0.13,0.19,0.36,0.74,1.00,1.27,2.14,3.44,5.29,6.58,10.50,14.59,17.33,16.28,11.14,5.94,2.14,0.77,0.00,0.00,0.00,0.00 
2021-05-20, 12:17:23,R7: 0.5/18.0...3500µm,2.95 %,Water,6510,0,10,17.40,Full,15.00,2.00,12.00,Rep_04,306.71,625.92,999.39,0.00,0.00,0.23,0.49,1.37,1.59,3.43,64.88,0.00,0.00,0.00,0.00,0.00,0.00,0.00,0.06,0.10,0.13,0.19,0.36,0.74,0.99,1.27,2.14,3.42,5.24,6.51,10.44,14.62,17.47,16.49,11.26,5.86,1.99,0.70,0.00,0.00,0.00,0.00 
2021-05-20, 12:17:03,R7: 0.5/18.0...3500µm,2.88 %,Water,6510,0,10,17.40,Full,15.00,2.00,12.00,Rep_03,307.07,625.34,995.26,0.00,0.00,0.23,0.49,1.36,1.58,3.41,65.03,0.00,0.00,0.00,0.00,0.00,0.00,0.00,0.07,0.10,0.13,0.19,0.36,0.73,0.99,1.26,2.13,3.42,5.25,6.53,10.47,14.66,17.55,16.63,11.27,5.69,1.87,0.69,0.00,0.00,0.00,0.00 
2021-05-20, 12:16:41,R7: 0.5/18.0...3500µm,3.04 %,Water,6510,0,10,17.40,Full,15.00,2.00,12.00,Rep_02,300.61,615.13,983.46,0.00,0.00,0.26,0.54,1.47,1.71,3.66,66.49,0.00,0.00,0.00,0.00,0.00,0.00,0.00,0.07,0.11,0.14,0.21,0.39,0.79,1.06,1.34,2.25,3.59,5.49,6.78,10.74,14.84,17.54,16.30,10.85,5.36,1.63,0.41,0.12,0.00,0.00,0.00 
2021-05-20, 12:16:22,R7: 0.5/18.0...3500µm,2.93 %,Water,6510,0,10,17.40,Full,15.00,2.00,12.00,Rep_01,301.59,610.03,940.90,0.00,0.00,0.25,0.52,1.45,1.68,3.60,68.24,0.00,0.00,0.00,0.00,0.00,0.00,0.00,0.07,0.11,0.14,0.21,0.38,0.78,1.04,1.32,2.23,3.58,5.48,6.80,10.92,15.40,18.55,17.46,10.96,4.58,0.00,0.00,0.00,0.00,0.00,0.00 
2021-05-20, 12:14:19,R7: 0.5/18.0...3500µm,3.82 %,Water,6510,0,10,29.00,Full,15.00,2.00,12.00,Rep_04,224.91,509.48,853.89,0.00,0.16,0.81,1.49,3.53,4.03,7.74,80.24,0.00,0.00,0.00,0.00,0.00,0.08,0.11,0.18,0.28,0.35,0.50,0.88,1.67,2.07,2.46,3.86,5.73,8.14,9.22,13.01,15.71,15.23,11.03,5.90,2.45,0.73,0.25,0.13,0.06,0.00,0.00 
2021-05-20, 12:13:56,R7: 0.5/18.0...3500µm,3.81 %,Water,6510,0,10,29.00,Full,15.00,2.00,12.00,Rep_03,227.28,513.21,858.37,0.00,0.15,0.79,1.43,3.42,3.90,7.55,79.75,0.00,0.00,0.00,0.00,0.00,0.07,0.10,0.17,0.27,0.34,0.48,0.85,1.62,2.03,2.42,3.81,5.67,8.05,9.13,12.92,15.69,15.34,11.17,6.00,2.57,0.84,0.32,0.14,0.00,0.00,0.00 
2021-05-20, 12:13:36,R7: 0.5/18.0...3500µm,3.83 %,Water,6510,0,10,29.00,Full,15.00,2.00,12.00,Rep_02,226.94,511.72,856.34,0.00,0.15,0.79,1.44,3.43,3.91,7.57,79.97,0.00,0.00,0.00,0.00,0.00,0.07,0.10,0.17,0.27,0.34,0.48,0.85,1.63,2.04,2.43,3.82,5.69,8.10,9.19,12.98,15.71,15.30,11.12,5.93,2.43,0.70,0.28,0.22,0.15,0.00,0.00 
2021-05-20, 12:13:16,R7: 0.5/18.0...3500µm,3.86 %,Water,6510,0,10,29.00,Full,15.00,2.00,12.00,Rep_01,223.50,503.44,822.34,0.00,0.16,0.82,1.50,3.57,4.08,7.84,82.51,0.00,0.00,0.00,0.00,0.00,0.08,0.11,0.18,0.28,0.35,0.50,0.89,1.69,2.10,2.50,3.93,5.84,8.29,9.39,13.32,16.27,15.99,11.35,5.27,1.68,0.00,0.00,0.00,0.00,0.00,0.00 
2021-05-20, 12:10:09,R7: 0.5/18.0...3500µm,4.30 %,Water,8008,0,08,31.90,Full,15.00,2.00,12.00,Rep_05,197.39,437.75,713.87,0.00,0.19,1.04,1.93,4.68,5.35,10.28,91.11,0.00,0.00,0.00,0.00,0.00,0.09,0.13,0.23,0.36,0.46,0.66,1.18,2.24,2.76,3.25,5.10,7.65,10.81,11.67,15.37,16.21,12.47,6.60,2.76,0.00,0.00,0.00,0.00,0.00,0.00,0.00 
2021-05-20, 12:09:49,R7: 0.5/18.0...3500µm,4.06 %,Water,8008,0,08,31.90,Full,15.00,2.00,12.00,Rep_04,198.06,439.45,730.33,0.00,0.20,1.04,1.93,4.66,5.33,10.21,89.98,0.00,0.00,0.00,0.00,0.00,0.10,0.13,0.22,0.36,0.46,0.66,1.17,2.22,2.74,3.22,5.05,7.59,10.75,11.62,15.21,15.81,12.18,6.72,2.73,1.05,0.00,0.00,0.00,0.00,0.00,0.00 
2021-05-20, 12:09:29,R7: 0.5/18.0...3500µm,4.16 %,Water,8008,0,08,31.90,Full,15.00,2.00,12.00,Rep_03,199.88,444.87,767.94,0.00,0.19,1.01,1.88,4.55,5.21,10.01,88.20,0.00,0.00,0.00,0.00,0.00,0.09,0.13,0.22,0.35,0.45,0.64,1.15,2.18,2.69,3.17,4.96,7.44,10.53,11.37,14.89,15.51,11.96,6.64,2.79,1.14,0.50,0.34,0.39,0.38,0.09,0.00 
2021-05-20, 12:08:49,R7: 0.5/18.0...3500µm,4.00 %,Water,8008,0,08,31.90,Full,15.00,2.00,12.00,Rep_01,199.63,442.31,757.05,0.00,0.19,1.01,1.88,4.56,5.22,10.04,88.70,0.00,0.00,0.00,0.00,0.00,0.09,0.13,0.22,0.35,0.45,0.64,1.15,2.19,2.70,3.18,5.01,7.55,10.68,11.49,14.96,15.48,11.96,6.72,2.86,1.18,0.52,0.32,0.19,0.00,0.00,0.00 
2021-05-20, 12:07:23,R7: 0.5/18.0...3500µm,4.27 %,Water,8008,0,08,36.30,Full,15.00,2.00,12.00,Rep_04,184.33,421.16,704.30,0.00,0.29,1.31,2.38,5.59,6.37,11.88,91.92,0.00,0.00,0.00,0.00,0.06,0.11,0.16,0.27,0.43,0.56,0.80,1.40,2.59,3.11,3.61,5.57,8.19,11.20,11.74,15.04,15.26,11.41,5.96,2.55,0.00,0.00,0.00,0.00,0.00,0.00,0.00 
2021-05-20, 12:07:03,R7: 0.5/18.0...3500µm,4.36 %,Water,8008,0,08,36.30,Full,15.00,2.00,12.00,Rep_03,183.88,420.66,704.86,0.00,0.30,1.32,2.40,5.61,6.39,11.96,91.87,0.00,0.00,0.00,0.00,0.06,0.11,0.16,0.27,0.44,0.56,0.80,1.40,2.60,3.14,3.64,5.62,8.22,11.19,11.67,14.93,15.19,11.45,6.01,2.55,0.00,0.00,0.00,0.00,0.00,0.00,0.00 
2021-05-20, 12:06:35,R7: 0.5/18.0...3500µm,4.21 %,Water,8008,0,08,36.30,Full,15.00,2.00,12.00,Rep_02,183.72,420.00,705.87,0.00,0.29,1.32,2.40,5.63,6.41,11.98,91.76,0.00,0.00,0.00,0.00,0.06,0.11,0.16,0.27,0.44,0.56,0.80,1.40,2.60,3.14,3.64,5.62,8.24,11.23,11.71,14.93,15.09,11.32,6.03,2.64,0.00,0.00,0.00,0.00,0.00,0.00,0.00 
2021-05-20, 12:06:14,R7: 0.5/18.0...3500µm,4.30 %,Water,8008,0,08,36.30,Full,15.00,2.00,12.00,Rep_01,183.17,418.87,703.73,0.00,0.30,1.34,2.42,5.67,6.45,12.06,91.95,0.00,0.00,0.00,0.00,0.06,0.12,0.16,0.27,0.44,0.56,0.81,1.41,2.62,3.16,3.67,5.67,8.29,11.25,11.72,14.95,15.10,11.26,5.92,2.56,0.00,0.00,0.00,0.00,0.00,0.00,0.00 
2021-05-20, 12:01:38,R7: 0.5/18.0...3500µm,3.56 %,Water,11006,0,06,29.00,Full,15.00,2.00,12.00,Rep_04,157.04,353.46,580.79,0.00,0.39,1.79,3.30,7.86,8.96,16.81,98.07,0.00,0.00,0.00,0.00,0.08,0.15,0.21,0.36,0.60,0.78,1.13,1.98,3.68,4.43,5.13,7.85,11.08,14.09,13.64,15.28,11.81,5.65,2.08,0.00,0.00,0.00,0.00,0.00,0.00,0.00,0.00 
2021-05-20, 12:01:11,R7: 0.5/18.0...3500µm,3.53 %,Water,11006,0,06,29.00,Full,15.00,2.00,12.00,Rep_03,158.01,356.67,583.72,0.00,0.38,1.74,3.23,7.74,8.83,16.56,98.01,0.00,0.00,0.00,0.00,0.08,0.15,0.20,0.35,0.58,0.76,1.11,1.96,3.65,4.37,5.03,7.68,10.90,13.97,13.62,15.44,12.14,5.88,2.14,0.00,0.00,0.00,0.00,0.00,0.00,0.00,0.00 
2021-05-20, 12:00:42,R7: 0.5/18.0...3500µm,4.12 %,Water,11006,0,06,29.00,Full,15.00,2.00,12.00,Rep_02,157.36,353.61,581.25,0.00,0.39,1.79,3.30,7.82,8.92,16.73,98.01,0.00,0.00,0.00,0.00,0.08,0.15,0.21,0.36,0.60,0.77,1.12,1.96,3.66,4.41,5.11,7.83,11.10,14.15,13.70,15.27,11.72,5.66,2.14,0.00,0.00,0.00,0.00,0.00,0.00,0.00,0.00 
2021-05-20, 12:00:17,R7: 0.5/18.0...3500µm,3.35 %,Water,11006,0,06,29.00,Full,15.00,2.00,12.00,Rep_01,157.47,355.40,587.73,0.00,0.38,1.78,3.29,7.81,8.91,16.67,97.56,0.00,0.00,0.00,0.00,0.08,0.15,0.21,0.36,0.60,0.78,1.12,1.97,3.65,4.39,5.07,7.75,10.98,13.98,13.49,15.03,11.86,5.97,1.91,0.66,0.00,0.00,0.00,0.00,0.00,0.00,0.00 
2021-05-20, 11:57:58,R7: 0.5/18.0...3500µm,3.05 %,Water,11003,0,03,43.50,Full,15.00,2.00,12.00,Rep_04,106.61,241.52,404.95,0.29,1.26,4.80,8.49,18.60,20.98,36.34,100.00,0.00,0.09,0.10,0.11,0.20,0.37,0.53,0.92,1.51,1.94,2.72,4.56,7.92,8.93,9.65,13.25,15.72,14.81,8.90,5.32,2.45,0.00,0.00,0.00,0.00,0.00,0.00,0.00,0.00,0.00,0.00 
2021-05-20, 11:57:32,R7: 0.5/18.0...3500µm,2.86 %,Water,11003,0,03,43.50,Full,15.00,2.00,12.00,Rep_03,105.59,239.65,401.63,0.28,1.31,4.96,8.71,18.93,21.33,36.87,100.00,0.00,0.08,0.09,0.11,0.21,0.40,0.56,0.96,1.56,1.98,2.76,4.61,8.01,9.04,9.75,13.32,15.70,14.74,8.80,5.07,2.23,0.00,0.00,0.00,0.00,0.00,0.00,0.00,0.00,0.00,0.00 
2021-05-20, 11:57:04,R7: 0.5/18.0...3500µm,3.18 %,Water,11003,0,03,43.50,Full,15.00,2.00,12.00,Rep_02,106.18,240.03,394.87,0.29,1.26,4.83,8.57,18.81,21.22,36.73,100.00,0.00,0.09,0.10,0.11,0.20,0.37,0.53,0.93,1.53,1.96,2.76,4.62,8.02,9.03,9.73,13.36,15.94,15.31,9.32,5.02,1.04,0.04,0.00,0.00,0.00,0.00,0.00,0.00,0.00,0.00,0.00 
2021-05-20, 11:56:39,R7: 0.5/18.0...3500µm,2.74 %,Water,11003,0,03,43.50,Full,15.00,2.00,12.00,Rep_01,105.64,240.10,401.90,0.28,1.30,4.96,8.70,18.90,21.29,36.78,100.00,0.00,0.08,0.09,0.11,0.21,0.39,0.56,0.97,1.56,1.98,2.75,4.59,8.00,9.02,9.70,13.27,15.67,14.79,8.95,5.12,1.68,0.50,0.00,0.00,0.00,0.00,0.00,0.00,0.00,0.00,0.00 
2021-05-20, 11:54:26,R7: 0.5/18.0...3500µm,3.02 %,Water,11001,0,01,65.30,Full,15.00,2.00,12.00,Rep_04,63.13,134.51,232.86,1.39,5.44,18.05,29.43,53.79,59.04,81.30,100.00,0.35,0.27,0.34,0.43,0.85,1.58,2.15,3.52,5.37,6.38,8.19,12.10,17.50,14.89,11.06,8.78,4.42,1.41,0.41,0.00,0.00,0.00,0.00,0.00,0.00,0.00,0.00,0.00,0.00,0.00,0.00 
2021-05-20, 11:54:01,R7: 0.5/18.0...3500µm,2.88 %,Water,11001,0,01,65.30,Full,15.00,2.00,12.00,Rep_03,62.75,134.23,231.83,1.46,5.59,18.20,29.57,53.96,59.22,81.55,100.00,0.37,0.28,0.36,0.45,0.88,1.62,2.18,3.53,5.36,6.36,8.19,12.11,17.54,14.95,11.07,8.72,4.33,1.34,0.37,0.00,0.00,0.00,0.00,0.00,0.00,0.00,0.00,0.00,0.00,0.00,0.00 
2021-05-20, 11:53:10,R7: 0.5/18.0...3500µm,2.88 %,Water,11001,0,01,65.30,Full,15.00,2.00,12.00,Rep_02,62.67,133.49,229.62,1.46,5.60,18.35,29.84,54.42,59.72,82.04,100.00,0.33,0.29,0.37,0.46,0.89,1.62,2.18,3.55,5.43,6.44,8.27,12.23,17.65,14.95,11.06,8.72,4.22,1.12,0.22,0.00,0.00,0.00,0.00,0.00,0.00,0.00,0.00,0.00,0.00,0.00,0.00 
2021-05-20, 11:52:37,R7: 0.5/18.0...3500µm,2.31 %,Water,11001,0,01,65.30,Full,15.00,2.00,12.00,Rep_01,60.77,133.47,231.03,1.68,6.21,19.04,30.28,54.35,59.55,81.76,100.00,0.41,0.33,0.42,0.52,1.00,1.78,2.32,3.66,5.42,6.33,8.08,11.93,17.33,14.85,11.03,8.68,4.26,1.28,0.34,0.00,0.00,0.00,0.00,0.00,0.00,0.00,0.00,0.00,0.00,0.00,0.00 
2021-05-06, 13:34:54,R7: 0.5/18.0...3500µm,6.23 %,Water,6515,0,15,14.50,Full,2.00,2.00,12.00,Rep_04,290.25,697.36,1135.90,0.87,0.87,1.01,1.44,2.84,3.15,5.14,53.75,0.85,0.02,0.00,0.00,0.00,0.00,0.00,0.00,0.06,0.17,0.35,0.66,1.05,1.13,1.29,2.00,3.02,4.35,5.09,7.79,10.92,13.88,15.81,15.05,11.24,5.27,0.00,0.00,0.00,0.00,0.00 
2021-05-06, 13:34:38,R7: 0.5/18.0...3500µm,6.12 %,Water,6515,0,15,14.50,Full,2.00,2.00,12.00,Rep_03,287.73,693.88,1131.33,0.98,0.98,1.10,1.52,2.94,3.26,5.26,54.17,0.95,0.02,0.00,0.00,0.00,0.00,0.00,0.00,0.04,0.15,0.35,0.68,1.07,1.13,1.30,2.01,3.04,4.38,5.13,7.85,10.99,13.94,15.85,14.98,11.02,5.11,0.00,0.00,0.00,0.00,0.00 
2021-05-06, 13:34:21,R7: 0.5/18.0...3500µm,6.26 %,Water,6515,0,15,14.50,Full,2.00,2.00,12.00,Rep_02,284.85,693.80,1131.67,1.10,1.10,1.22,1.65,3.09,3.42,5.43,54.17,1.08,0.02,0.00,0.00,0.00,0.00,0.00,0.00,0.05,0.16,0.35,0.69,1.08,1.14,1.31,2.01,3.04,4.36,5.10,7.81,10.94,13.91,15.85,14.98,10.99,5.15,0.00,0.00,0.00,0.00,0.00 
2021-05-06, 13:32:47,R7: 0.5/18.0...3500µm,6.13 %,Water,6515,0,15,14.50,Full,2.00,1.00,12.00,Rep_03,291.87,699.29,1137.72,0.88,0.88,1.01,1.43,2.82,3.14,5.10,53.53,0.86,0.02,0.00,0.00,0.00,0.00,0.00,0.00,0.05,0.15,0.34,0.66,1.05,1.11,1.28,1.97,2.98,4.31,5.06,7.75,10.90,13.90,15.87,15.10,11.26,5.37,0.00,0.00,0.00,0.00,0.00 
2021-05-06, 13:32:21,R7: 0.5/18.0...3500µm,6.26 %,Water,6515,0,15,14.50,Full,2.00,1.00,12.00,Rep_02,285.14,690.83,1129.27,1.02,1.02,1.14,1.57,3.02,3.34,5.37,54.52,0.99,0.03,0.00,0.00,0.00,0.00,0.00,0.00,0.04,0.15,0.35,0.69,1.09,1.15,1.32,2.03,3.07,4.42,5.17,7.90,11.03,13.96,15.81,14.85,10.88,5.06,0.00,0.00,0.00,0.00,0.00 
2021-05-06, 13:31:52,R7: 0.5/18.0...3500µm,6.34 %,Water,6515,0,15,14.50,Full,2.00,1.00,12.00,Rep_01,287.21,695.08,1135.14,0.87,0.87,1.02,1.47,2.91,3.23,5.26,54.00,0.84,0.02,0.00,0.00,0.00,0.00,0.00,0.00,0.06,0.18,0.37,0.68,1.07,1.15,1.32,2.03,3.05,4.38,5.12,7.82,10.93,13.85,15.76,14.95,11.14,5.27,0.00,0.00,0.00,0.00,0.00 
2021-05-06, 13:29:40,R7: 0.5/18.0...3500µm,0.26 %,Water,6515,0,15,14.50,7,2.00,1.00,12.00,Rep_15,562.64,824.77,1105.54,0.00,0.00,0.00,0.04,0.56,0.72,1.71,31.02,0.00,0.00,0.00,0.00,0.00,0.00,0.00,0.00,0.00,0.00,0.04,0.17,0.51,0.61,0.58,0.62,0.58,0.58,0.70,1.80,6.11,16.73,28.04,26.85,14.25,1.85,0.00,0.00,0.00,0.00,0.00 
2021-05-06, 13:29:07,R7: 0.5/18.0...3500µm,3.48 %,Water,6515,0,15,14.50,6,2.00,1.00,12.00,Rep_14,692.06,1005.44,1320.02,0.00,0.00,0.00,0.00,0.13,0.17,0.43,12.41,0.00,0.00,0.00,0.00,0.00,0.00,0.00,0.00,0.00,0.00,0.00,0.05,0.12,0.15,0.17,0.26,0.37,0.53,0.63,1.07,2.21,5.80,14.83,26.21,30.75,16.47,0.39,0.00,0.00,0.00,0.00 
2021-05-06, 13:28:34,R7: 0.5/18.0...3500µm,5.10 %,Water,6515,0,15,14.50,5,2.00,1.00,12.00,Rep_13,474.11,887.05,1261.48,0.00,0.00,0.00,0.06,0.44,0.54,1.27,31.17,0.00,0.00,0.00,0.00,0.00,0.00,0.00,0.00,0.00,0.00,0.06,0.15,0.33,0.42,0.48,0.74,1.12,1.71,2.25,4.05,7.10,11.58,16.57,20.33,21.13,11.43,0.54,0.00,0.00,0.00,0.00 
2021-05-06, 13:28:01,R7: 0.5/18.0...3500µm,7.81 %,Water,6515,0,15,14.50,4,2.00,1.00,12.00,Rep_12,344.93,721.84,1126.41,0.69,0.69,0.71,0.89,1.76,1.97,3.38,51.05,0.67,0.02,0.00,0.00,0.00,0.00,0.00,0.00,0.00,0.05,0.15,0.38,0.70,0.79,0.93,1.46,2.27,3.45,4.37,7.39,11.53,15.60,17.97,16.39,11.05,4.83,0.00,0.00,0.00,0.00,0.00 
2021-05-06, 13:27:28,R7: 0.5/18.0...3500µm,10.59 %,Water,6515,0,15,14.50,3,2.00,1.00,12.00,Rep_11,283.96,654.84,1080.57,1.04,1.04,1.12,1.49,2.90,3.22,5.27,59.37,1.01,0.03,0.00,0.00,0.00,0.00,0.00,0.00,0.02,0.12,0.31,0.66,1.07,1.16,1.34,2.09,3.22,4.78,5.78,9.01,12.47,15.16,15.85,13.24,8.84,3.26,0.57,0.00,0.00,0.00,0.00 
2021-05-06, 13:26:54,R7: 0.5/18.0...3500µm,13.08 %,Water,6515,0,15,14.50,2,2.00,1.00,12.00,Rep_10,272.36,643.89,1108.19,0.00,0.05,0.55,1.11,2.64,3.00,5.41,60.18,0.00,0.00,0.00,0.00,0.00,0.00,0.07,0.12,0.22,0.29,0.41,0.69,1.20,1.37,1.56,2.43,3.67,5.30,6.16,9.14,12.11,14.39,14.74,12.29,8.71,3.96,1.17,0.00,0.00,0.00,0.00 
2021-05-06, 13:26:19,R7: 0.5/18.0...3500µm,14.33 %,Water,6515,0,15,14.50,1,2.00,1.00,12.00,Rep_09,254.73,628.13,1104.84,0.00,0.14,0.81,1.47,3.22,3.63,6.33,61.64,0.00,0.00,0.00,0.00,0.00,0.07,0.10,0.18,0.29,0.36,0.49,0.80,1.35,1.54,1.75,2.71,4.03,5.68,6.37,9.17,11.87,13.89,14.08,11.73,8.38,3.90,1.27,0.00,0.00,0.00,0.00 
2021-05-06, 13:25:47,R7: 0.5/18.0...3500µm,14.20 %,Water,6515,0,15,14.50,0,2.00,1.00,12.00,Rep_08,254.43,618.64,1090.93,0.00,0.07,0.74,1.41,3.17,3.58,6.30,62.87,0.00,0.00,0.00,0.00,0.00,0.00,0.10,0.18,0.29,0.36,0.49,0.80,1.37,1.55,1.76,2.74,4.12,5.85,6.59,9.46,12.16,14.06,13.94,11.36,7.97,3.66,1.19,0.00,0.00,0.00,0.00 
2021-05-06, 13:25:12,R7: 0.5/18.0...3500µm,13.22 %,Water,6515,0,15,14.50,-1,2.00,1.00,12.00,Rep_07,265.00,636.55,1100.69,1.06,1.06,1.22,1.74,3.39,3.75,6.05,61.11,1.03,0.03,0.00,0.00,0.00,0.00,0.00,0.00,0.06,0.20,0.42,0.79,1.22,1.29,1.51,2.36,3.63,5.31,6.21,9.26,12.26,14.47,14.62,11.97,8.31,3.81,1.23,0.00,0.00,0.00,0.00 
2021-05-06, 13:24:38,R7: 0.5/18.0...3500µm,10.62 %,Water,6515,0,15,14.50,-2,2.00,1.00,12.00,Rep_06,291.89,656.50,1075.14,1.01,1.01,1.06,1.36,2.69,3.00,4.94,59.36,0.99,0.03,0.00,0.00,0.00,0.00,0.00,0.00,0.00,0.09,0.26,0.61,1.02,1.09,1.28,2.00,3.14,4.71,5.75,9.06,12.67,15.51,16.17,13.24,8.64,3.16,0.58,0.00,0.00,0.00,0.00 
2021-05-06, 13:24:05,R7: 0.5/18.0...3500µm,7.51 %,Water,6515,0,15,14.50,-3,2.00,1.00,12.00,Rep_05,369.88,738.50,1131.41,0.00,0.00,0.04,0.24,0.97,1.15,2.45,48.88,0.00,0.00,0.00,0.00,0.00,0.00,0.00,0.00,0.00,0.09,0.15,0.30,0.61,0.73,0.85,1.33,2.07,3.19,4.11,7.07,11.32,15.74,18.51,17.28,11.95,4.71,0.00,0.00,0.00,0.00,0.00 
2021-05-06, 13:23:31,R7: 0.5/18.0...3500µm,4.50 %,Water,6515,0,15,14.50,-4,2.00,1.00,12.00,Rep_04,504.24,908.22,1262.68,0.00,0.00,0.00,0.06,0.41,0.50,1.15,28.14,0.00,0.00,0.00,0.00,0.00,0.00,0.00,0.00,0.00,0.00,0.06,0.14,0.31,0.38,0.42,0.63,0.93,1.43,1.92,3.54,6.38,10.85,16.55,21.54,22.82,11.96,0.16,0.00,0.00,0.00,0.00 
2021-05-06, 13:22:57,R7: 0.5/18.0...3500µm,2.67 %,Water,6515,0,15,14.50,-5,2.00,1.00,12.00,Rep_03,675.11,955.73,1217.17,0.00,0.00,0.00,0.00,0.17,0.22,0.52,14.06,0.00,0.00,0.00,0.00,0.00,0.00,0.00,0.00,0.00,0.00,0.00,0.06,0.15,0.18,0.19,0.26,0.36,0.47,0.54,0.95,2.31,7.22,18.99,30.59,28.11,9.60,0.00,0.00,0.00,0.00,0.00 
2021-05-06, 13:22:21,R7: 0.5/18.0...3500µm,0.21 %,Water,6515,0,15,14.50,-6,2.00,1.00,12.00,Rep_02,494.77,773.99,1017.67,0.00,0.00,0.00,0.09,1.25,1.57,3.41,41.13,0.00,0.00,0.00,0.00,0.00,0.00,0.00,0.00,0.00,0.00,0.09,0.41,1.07,1.16,1.01,1.02,0.89,0.83,1.01,2.68,8.71,20.22,28.24,22.99,9.67,0.00,0.00,0.00,0.00,0.00,0.00 
2021-05-06, 13:17:37,R7: 0.5/18.0...3500µm,6.31 %,Water,6510,0,10,17.40,Full,2.00,0.50,12.00,Rep_03,219.24,553.10,889.98,1.24,1.24,1.58,2.39,4.73,5.25,8.55,74.40,1.22,0.02,0.00,0.00,0.00,0.00,0.00,0.03,0.14,0.34,0.63,1.11,1.75,1.88,2.12,3.21,4.70,6.59,7.52,11.06,14.45,16.55,14.99,8.94,2.62,0.12,0.00,0.00,0.00,0.00,0.00 
2021-05-06, 13:16:52,R7: 0.5/18.0...3500µm,6.44 %,Water,6510,0,10,17.40,Full,2.00,0.50,12.00,Rep_02,222.21,561.14,898.17,1.28,1.28,1.60,2.37,4.65,5.17,8.36,73.45,1.27,0.02,0.00,0.00,0.00,0.00,0.00,0.03,0.13,0.32,0.61,1.09,1.71,1.83,2.06,3.11,4.55,6.36,7.29,10.85,14.40,16.75,15.44,9.31,2.78,0.14,0.00,0.00,0.00,0.00,0.00 
2021-05-06, 13:15:55,R7: 0.5/18.0...3500µm,5.75 %,Water,6510,0,10,17.40,Full,2.00,0.50,12.00,Rep_01,235.42,565.54,954.10,0.00,0.00,0.35,1.14,3.48,4.00,7.28,71.88,0.00,0.00,0.00,0.00,0.00,0.00,0.00,0.03,0.14,0.34,0.63,1.11,1.75,1.87,2.11,3.18,4.65,6.51,7.43,10.93,14.21,15.99,13.98,8.73,4.16,1.35,0.43,0.25,0.21,0.00,0.00 
2021-05-06, 13:14:37,R7: 0.5/18.0...3500µm,6.64 %,Water,6510,0,10,17.40,Full,2.00,2.00,12.00,Rep_05,242.19,578.35,954.19,0.00,0.00,0.31,1.07,3.29,3.79,6.91,70.67,0.00,0.00,0.00,0.00,0.00,0.00,0.00,0.03,0.13,0.32,0.59,1.06,1.66,1.78,2.01,3.01,4.39,6.14,7.08,10.65,14.25,16.52,14.92,9.31,4.19,1.22,0.36,0.21,0.19,0.00,0.00 
2021-05-06, 13:14:19,R7: 0.5/18.0...3500µm,6.44 %,Water,6510,0,10,17.40,Full,2.00,2.00,12.00,Rep_04,233.41,563.92,950.45,0.00,0.00,0.35,1.17,3.56,4.09,7.42,72.09,0.00,0.00,0.00,0.00,0.00,0.00,0.00,0.03,0.15,0.35,0.64,1.14,1.79,1.90,2.13,3.20,4.67,6.54,7.45,10.94,14.20,15.96,13.98,8.72,4.11,1.31,0.43,0.24,0.12,0.00,0.00 
2021-05-06, 13:14:03,R7: 0.5/18.0...3500µm,6.59 %,Water,6510,0,10,17.40,Full,2.00,2.00,12.00,Rep_03,241.97,576.57,950.14,0.00,0.00,0.29,1.04,3.28,3.79,6.91,70.95,0.00,0.00,0.00,0.00,0.00,0.00,0.00,0.02,0.12,0.30,0.59,1.07,1.68,1.78,2.01,3.03,4.42,6.19,7.13,10.71,14.29,16.54,14.90,9.25,4.18,1.29,0.50,0.00,0.00,0.00,0.00 
2021-05-06, 13:13:48,R7: 0.5/18.0...3500µm,6.47 %,Water,6510,0,10,17.40,Full,2.00,2.00,12.00,Rep_02,235.39,567.56,947.85,0.00,0.00,0.36,1.16,3.49,4.02,7.29,71.82,0.00,0.00,0.00,0.00,0.00,0.00,0.00,0.04,0.15,0.35,0.63,1.11,1.74,1.87,2.10,3.17,4.62,6.44,7.34,10.84,14.22,16.18,14.30,8.92,4.18,1.30,0.37,0.13,0.00,0.00,0.00 
2021-05-06, 13:13:33,R7: 0.5/18.0...3500µm,6.73 %,Water,6510,0,10,17.40,Full,2.00,2.00,12.00,Rep_01,238.19,571.15,952.33,0.00,0.00,0.32,1.11,3.43,3.95,7.14,71.46,0.00,0.00,0.00,0.00,0.00,0.00,0.00,0.03,0.13,0.33,0.63,1.11,1.73,1.83,2.05,3.08,4.50,6.32,7.27,10.82,14.29,16.31,14.42,8.92,4.11,1.27,0.43,0.28,0.14,0.00,0.00 
2021-05-06, 13:12:14,R7: 0.5/18.0...3500µm,7.06 %,Water,6510,0,10,17.40,Full,2.00,1.00,12.00,Rep_03,217.25,550.12,886.31,1.20,1.20,1.57,2.40,4.80,5.34,8.69,74.82,1.18,0.02,0.00,0.00,0.00,0.00,0.00,0.04,0.15,0.36,0.65,1.14,1.79,1.92,2.16,3.25,4.75,6.64,7.57,11.12,14.50,16.52,14.81,8.74,2.57,0.13,0.00,0.00,0.00,0.00,0.00 
2021-05-06, 13:11:52,R7: 0.5/18.0...3500µm,7.18 %,Water,6510,0,10,17.40,Full,2.00,1.00,12.00,Rep_02,218.99,556.01,885.29,1.29,1.29,1.62,2.43,4.77,5.30,8.58,74.31,1.26,0.02,0.00,0.00,0.00,0.00,0.00,0.03,0.14,0.34,0.63,1.12,1.75,1.87,2.11,3.18,4.64,6.46,7.37,10.94,14.50,16.83,15.38,8.96,2.39,0.07,0.00,0.00,0.00,0.00,0.00 
2021-05-06, 13:11:28,R7: 0.5/18.0...3500µm,7.08 %,Water,6510,0,10,17.40,Full,2.00,1.00,12.00,Rep_01,213.45,546.94,885.36,1.43,1.43,1.75,2.58,5.04,5.59,8.99,75.12,1.41,0.02,0.00,0.00,0.00,0.00,0.00,0.02,0.13,0.34,0.66,1.18,1.83,1.94,2.19,3.30,4.81,6.69,7.59,11.11,14.46,16.41,14.56,8.57,2.62,0.17,0.00,0.00,0.00,0.00,0.00 
2021-05-06, 13:08:27,R7: 0.5/18.0...3500µm,1.31 %,Water,6510,0,10,17.40,7,2.00,1.00,12.00,Rep_14,507.43,702.82,946.31,0.00,0.00,0.00,0.00,0.21,0.28,0.76,56.33,0.00,0.00,0.00,0.00,0.00,0.00,0.00,0.00,0.00,0.00,0.00,0.06,0.21,0.27,0.32,0.43,0.55,0.82,1.45,4.74,15.48,29.96,28.60,13.17,3.93,0.00,0.00,0.00,0.00,0.00,0.00 
2021-05-06, 13:07:52,R7: 0.5/18.0...3500µm,3.68 %,Water,6510,0,10,17.40,6,2.00,1.00,12.00,Rep_13,445.03,751.64,1010.11,0.00,0.00,0.00,0.03,0.34,0.43,1.20,45.93,0.00,0.00,0.00,0.00,0.00,0.00,0.00,0.00,0.00,0.00,0.03,0.10,0.29,0.42,0.52,0.83,1.29,2.04,2.78,5.38,10.78,19.57,26.33,20.91,8.71,0.00,0.00,0.00,0.00,0.00,0.00 
2021-05-06, 13:07:15,R7: 0.5/18.0...3500µm,5.42 %,Water,6510,0,10,17.40,5,2.00,1.00,12.00,Rep_12,311.47,614.71,927.05,0.00,0.00,0.04,0.23,1.21,1.47,3.46,68.74,0.00,0.00,0.00,0.00,0.00,0.00,0.00,0.00,0.00,0.08,0.16,0.37,0.86,1.12,1.31,2.04,3.14,4.87,6.38,10.96,16.28,19.87,18.22,10.36,3.98,0.00,0.00,0.00,0.00,0.00,0.00 
2021-05-06, 13:06:41,R7: 0.5/18.0...3500µm,8.16 %,Water,6510,0,10,17.40,4,2.00,1.00,12.00,Rep_11,236.02,540.56,859.38,1.17,1.17,1.23,1.66,3.69,4.17,7.31,77.50,1.14,0.03,0.00,0.00,0.00,0.00,0.00,0.00,0.00,0.11,0.37,0.90,1.62,1.78,2.03,3.10,4.70,6.94,8.31,12.47,16.00,17.03,13.52,7.38,2.35,0.21,0.00,0.00,0.00,0.00,0.00 
2021-05-06, 13:06:06,R7: 0.5/18.0...3500µm,10.65 %,Water,6510,0,10,17.40,3,2.00,1.00,12.00,Rep_10,202.63,509.21,862.43,1.32,1.32,1.67,2.56,5.29,5.91,9.78,79.13,1.31,0.02,0.00,0.00,0.00,0.00,0.00,0.03,0.14,0.36,0.71,1.29,2.05,2.21,2.50,3.80,5.59,7.81,8.68,12.15,14.77,14.90,11.59,6.68,2.76,0.66,0.00,0.00,0.00,0.00,0.00 
2021-05-06, 13:05:33,R7: 0.5/18.0...3500µm,12.36 %,Water,6510,0,10,17.40,2,2.00,1.00,12.00,Rep_09,191.82,495.50,872.74,0.00,0.20,1.26,2.43,5.54,6.26,10.78,79.37,0.00,0.00,0.00,0.00,0.00,0.09,0.14,0.26,0.46,0.61,0.87,1.43,2.40,2.61,2.86,4.26,6.05,8.13,8.68,11.81,14.03,13.89,10.89,6.60,3.04,0.89,0.00,0.00,0.00,0.00,0.00 
2021-05-06, 13:04:56,R7: 0.5/18.0...3500µm,13.24 %,Water,6510,0,10,17.40,1,2.00,1.00,12.00,Rep_08,177.65,484.97,872.36,0.00,0.36,1.75,3.14,6.61,7.40,12.26,79.74,0.00,0.00,0.00,0.00,0.07,0.14,0.21,0.37,0.60,0.75,1.02,1.62,2.64,2.82,3.06,4.50,6.25,8.15,8.52,11.45,13.50,13.34,10.51,6.44,3.07,0.98,0.00,0.00,0.00,0.00,0.00 
2021-05-06, 13:03:45,R7: 0.5/18.0...3500µm,12.92 %,Water,6510,0,10,17.40,0,2.00,1.00,12.00,Rep_07,178.96,481.21,858.83,0.00,0.33,1.69,3.06,6.49,7.28,12.15,80.50,0.00,0.00,0.00,0.00,0.06,0.13,0.19,0.35,0.58,0.74,1.00,1.61,2.62,2.82,3.07,4.54,6.34,8.32,8.70,11.67,13.68,13.34,10.32,6.21,2.86,0.84,0.00,0.00,0.00,0.00,0.00 
2021-05-06, 13:03:10,R7: 0.5/18.0...3500µm,12.04 %,Water,6510,0,10,17.40,-1,2.00,1.00,12.00,Rep_06,195.35,492.49,858.59,0.00,0.17,1.16,2.28,5.30,6.00,10.44,80.17,0.00,0.00,0.00,0.00,0.00,0.08,0.12,0.24,0.43,0.58,0.84,1.39,2.33,2.55,2.83,4.26,6.14,8.33,8.92,12.11,14.29,13.98,10.70,6.26,2.81,0.82,0.00,0.00,0.00,0.00,0.00 
2021-05-06, 13:02:37,R7: 0.5/18.0...3500µm,10.17 %,Water,6510,0,10,17.40,-2,2.00,1.00,12.00,Rep_05,225.65,520.51,898.08,0.00,0.00,0.25,1.04,3.58,4.16,7.80,78.10,0.00,0.00,0.00,0.00,0.00,0.00,0.00,0.00,0.10,0.30,0.63,1.20,1.93,2.07,2.36,3.61,5.42,7.79,8.87,12.58,15.31,15.13,11.21,6.26,2.94,1.07,0.47,0.35,0.30,0.10,0.00 
2021-05-06, 13:02:02,R7: 0.5/18.0...3500µm,7.19 %,Water,6510,0,10,17.40,-3,2.00,1.00,12.00,Rep_04,266.75,558.73,872.14,0.00,0.00,0.18,0.56,2.10,2.49,5.23,76.23,0.00,0.00,0.00,0.00,0.00,0.00,0.00,0.00,0.09,0.17,0.30,0.63,1.29,1.55,1.78,2.76,4.23,6.47,8.10,12.72,16.86,18.26,14.22,7.39,3.17,0.00,0.00,0.00,0.00,0.00,0.00 
2021-05-06, 13:01:28,R7: 0.5/18.0...3500µm,4.15 %,Water,6510,0,10,17.40,-4,2.00,1.00,12.00,Rep_03,353.02,666.24,995.35,0.00,0.00,0.03,0.18,0.96,1.16,2.64,60.16,0.00,0.00,0.00,0.00,0.00,0.00,0.00,0.00,0.00,0.06,0.13,0.30,0.68,0.84,0.96,1.48,2.30,3.69,5.03,9.09,14.69,19.48,20.01,13.31,5.44,1.27,0.44,0.36,0.32,0.12,0.00 
2021-05-06, 13:00:55,R7: 0.5/18.0...3500µm,2.84 %,Water,6510,0,10,17.40,-5,2.00,1.00,12.00,Rep_02,517.79,757.75,988.22,0.02,0.02,0.02,0.02,0.27,0.34,0.86,43.81,0.00,0.02,0.00,0.00,0.00,0.00,0.00,0.00,0.00,0.00,0.00,0.08,0.24,0.30,0.34,0.50,0.72,1.07,1.51,3.49,9.81,23.51,31.21,21.47,5.74,0.00,0.00,0.00,0.00,0.00,0.00 
2021-05-06, 13:00:20,R7: 0.5/18.0...3500µm,0.30 %,Water,6510,0,10,17.40,-6,2.00,1.00,12.00,Rep_01,421.68,600.78,752.03,0.00,0.00,0.00,0.05,0.87,1.11,2.52,87.96,0.00,0.00,0.00,0.00,0.00,0.00,0.00,0.00,0.00,0.00,0.05,0.27,0.78,0.88,0.81,0.90,1.04,1.67,3.37,10.82,29.17,37.28,12.97,0.00,0.00,0.00,0.00,0.00,0.00,0.00,0.00 
2021-05-06, 12:54:37,R7: 0.5/18.0...3500µm,5.85 %,Water,8008,0,08,31.90,Full,2.00,2.00,12.00,Rep_04,151.11,398.07,688.39,-0.00,0.39,1.95,3.73,8.69,9.85,16.71,93.20,0.00,0.00,0.00,0.00,0.08,0.15,0.21,0.39,0.67,0.91,1.33,2.27,3.85,4.05,4.21,5.99,8.22,10.71,10.98,13.96,14.18,10.65,5.50,1.54,0.15,0.00,0.00,0.00,0.00,0.00,0.00 
2021-05-06, 12:54:17,R7: 0.5/18.0...3500µm,5.84 %,Water,8008,0,08,31.90,Full,2.00,2.00,12.00,Rep_03,151.60,398.97,686.05,0.00,0.39,1.95,3.72,8.64,9.79,16.60,93.43,0.00,0.00,0.00,0.00,0.08,0.15,0.22,0.39,0.67,0.90,1.32,2.25,3.82,4.03,4.18,5.93,8.17,10.74,11.05,14.08,14.34,10.75,5.38,1.45,0.13,0.00,0.00,0.00,0.00,0.00,0.00 
2021-05-06, 12:53:57,R7: 0.5/18.0...3500µm,5.87 %,Water,8008,0,08,31.90,Full,2.00,2.00,12.00,Rep_02,149.08,394.73,679.78,0.00,0.40,2.03,3.87,8.94,10.12,17.07,93.94,0.00,0.00,0.00,0.00,0.08,0.15,0.22,0.40,0.70,0.94,1.37,2.33,3.93,4.11,4.26,6.03,8.28,10.80,11.06,14.06,14.22,10.62,5.27,1.14,0.03,0.00,0.00,0.00,0.00,0.00,0.00 
2021-05-06, 12:52:57,R7: 0.5/18.0...3500µm,3.02 %,Water,8008,0,08,31.90,Full,2.00,2.00,12.00,Rep_01,154.75,399.81,678.87,0.00,0.36,1.82,3.51,8.27,9.38,16.04,93.96,0.00,0.00,0.00,0.00,0.07,0.14,0.20,0.36,0.63,0.85,1.26,2.17,3.71,3.93,4.11,5.89,8.22,10.95,11.36,14.54,14.70,10.56,4.83,1.55,0.00,0.00,0.00,0.00,0.00,0.00,0.00 
2021-05-06, 12:51:58,R7: 0.5/18.0...3500µm,6.03 %,Water,8008,0,08,31.90,Full,2.00,1.00,12.00,Rep_03,154.57,404.98,693.21,0.00,0.37,1.86,3.56,8.30,9.41,16.02,92.87,0.00,0.00,0.00,0.00,0.08,0.14,0.21,0.37,0.64,0.86,1.26,2.16,3.69,3.90,4.07,5.80,8.01,10.58,10.98,14.13,14.56,11.02,5.69,1.65,0.20,0.00,0.00,0.00,0.00,0.00,0.00 
2021-05-06, 12:51:28,R7: 0.5/18.0...3500µm,5.96 %,Water,8008,0,08,31.90,Full,2.00,1.00,12.00,Rep_02,153.94,404.10,691.86,0.00,0.37,1.86,3.58,8.37,9.48,16.14,93.00,0.00,0.00,0.00,0.00,0.08,0.14,0.20,0.37,0.64,0.87,1.28,2.19,3.72,3.93,4.09,5.82,8.03,10.59,10.97,14.10,14.53,11.06,5.72,1.55,0.13,0.00,0.00,0.00,0.00,0.00,0.00 
2021-05-06, 12:50:57,R7: 0.5/18.0...3500µm,5.99 %,Water,8008,0,08,31.90,Full,2.00,1.00,12.00,Rep_01,154.19,405.58,694.94,0.00,0.37,1.86,3.56,8.34,9.45,16.08,92.73,0.00,0.00,0.00,0.00,0.07,0.14,0.20,0.37,0.64,0.87,1.27,2.18,3.71,3.92,4.07,5.78,7.96,10.53,10.92,14.07,14.54,11.08,5.78,1.69,0.21,0.00,0.00,0.00,0.00,0.00,0.00 
2021-05-06, 12:47:15,R7: 0.5/18.0...3500µm,1.33 %,Water,8008,0,08,31.90,10,2.00,1.00,12.00,Rep_20,303.85,458.82,641.38,0.00,0.00,0.00,0.00,0.11,0.15,1.19,96.92,0.00,0.00,0.00,0.00,0.00,0.00,0.00,0.00,0.00,0.00,0.00,0.02,0.13,0.42,0.93,2.35,5.41,11.55,17.07,24.98,23.62,10.20,3.32,0.00,0.00,0.00,0.00,0.00,0.00,0.00,0.00 
2021-05-06, 12:46:38,R7: 0.5/18.0...3500µm,2.88 %,Water,8008,0,08,31.90,9,2.00,1.00,12.00,Rep_19,290.79,487.16,696.20,0.00,0.00,0.00,0.00,0.35,0.47,2.49,93.54,0.00,0.00,0.00,0.00,0.00,0.00,0.00,0.00,0.00,0.00,0.00,0.07,0.40,0.98,1.57,2.90,5.00,8.85,12.77,20.79,23.90,15.92,5.33,1.14,0.37,0.00,0.00,0.00,0.00,0.00,0.00 
2021-05-06, 12:46:03,R7: 0.5/18.0...3500µm,4.16 %,Water,8008,0,08,31.90,8,2.00,1.00,12.00,Rep_18,226.62,446.23,688.98,0.00,0.00,0.02,0.14,1.69,2.17,6.90,93.69,0.00,0.00,0.00,0.00,0.00,0.00,0.00,0.00,0.00,0.03,0.10,0.43,1.60,2.60,3.19,4.90,7.37,11.10,12.89,17.62,18.63,12.85,5.14,1.54,0.00,0.00,0.00,0.00,0.00,0.00,0.00 
2021-05-06, 12:45:28,R7: 0.5/18.0...3500µm,5.62 %,Water,8008,0,08,31.90,7,2.00,1.00,12.00,Rep_17,186.62,407.44,683.16,0.00,0.00,0.28,0.89,4.29,5.21,11.89,93.51,0.00,0.00,0.00,0.00,0.00,0.00,0.00,0.05,0.12,0.23,0.49,1.26,3.06,3.85,4.24,6.20,8.83,11.93,12.31,15.39,14.89,10.31,4.88,1.96,0.00,0.00,0.00,0.00,0.00,0.00,0.00 
2021-05-06, 12:44:54,R7: 0.5/18.0...3500µm,7.04 %,Water,8008,0,08,31.90,6,2.00,1.00,12.00,Rep_16,159.53,385.72,681.86,0.00,0.06,0.83,2.14,7.25,8.53,16.36,93.45,0.00,0.00,0.00,0.00,0.00,0.00,0.08,0.15,0.32,0.56,1.03,2.15,4.23,4.64,4.78,6.71,9.04,11.44,11.33,13.73,13.18,9.70,5.12,1.57,0.22,0.00,0.00,0.00,0.00,0.00,0.00 
2021-05-06, 12:44:21,R7: 0.5/18.0...3500µm,8.25 %,Water,8008,0,08,31.90,5,2.00,1.00,12.00,Rep_15,140.59,375.03,687.07,0.00,0.31,1.92,3.99,10.06,11.48,19.51,92.92,0.00,0.00,0.00,0.00,0.06,0.12,0.18,0.36,0.69,1.01,1.56,2.77,4.72,4.81,4.83,6.65,8.74,10.83,10.62,12.84,12.44,9.32,5.13,1.86,0.46,0.00,0.00,0.00,0.00,0.00,0.00 
2021-05-06, 12:43:48,R7: 0.5/18.0...3500µm,9.10 %,Water,8008,0,08,31.90,4,2.00,1.00,12.00,Rep_14,131.46,370.69,690.82,0.04,0.51,2.64,5.12,11.54,12.99,21.02,92.61,0.00,0.04,0.00,0.00,0.09,0.17,0.27,0.51,0.93,1.27,1.84,3.03,4.85,4.82,4.80,6.55,8.52,10.48,10.26,12.43,12.16,9.23,5.17,2.00,0.59,0.00,0.00,0.00,0.00,0.00,0.00 
2021-05-06, 12:43:15,R7: 0.5/18.0...3500µm,10.13 %,Water,8008,0,08,31.90,3,2.00,1.00,12.00,Rep_13,128.20,376.58,706.76,0.06,0.67,3.13,5.71,11.99,13.40,21.04,91.44,0.00,0.00,0.00,0.06,0.12,0.23,0.34,0.62,1.06,1.38,1.90,3.01,4.68,4.59,4.58,6.28,8.22,10.16,10.00,12.23,12.13,9.45,5.59,2.43,0.93,0.00,0.00,0.00,0.00,0.00,0.00 
2021-05-06, 12:42:41,R7: 0.5/18.0...3500µm,10.90 %,Water,8008,0,08,31.90,2,2.00,1.00,12.00,Rep_12,125.78,378.35,714.28,0.13,0.80,3.45,6.12,12.33,13.70,21.19,90.86,0.00,0.06,0.00,0.07,0.14,0.26,0.38,0.68,1.14,1.45,1.94,3.00,4.58,4.49,4.50,6.19,8.10,10.01,9.85,12.07,12.05,9.49,5.76,2.66,1.12,0.00,0.00,0.00,0.00,0.00,0.00 
2021-05-06, 12:42:07,R7: 0.5/18.0...3500µm,11.28 %,Water,8008,0,08,31.90,1,2.00,1.00,12.00,Rep_11,125.20,380.42,718.41,0.13,0.85,3.57,6.24,12.39,13.75,21.18,90.55,0.00,0.06,0.00,0.07,0.14,0.27,0.40,0.71,1.18,1.46,1.94,2.98,4.53,4.45,4.47,6.14,8.01,9.88,9.73,11.98,12.07,9.65,5.94,2.76,1.17,0.00,0.00,0.00,0.00,0.00,0.00 
2021-05-06, 12:41:34,R7: 0.5/18.0...3500µm,11.37 %,Water,8008,0,08,31.90,0,2.00,1.00,12.00,Rep_10,123.81,377.14,715.92,0.13,0.86,3.65,6.38,12.64,14.02,21.55,90.74,0.00,0.06,0.00,0.07,0.14,0.28,0.41,0.73,1.21,1.50,1.98,3.03,4.61,4.51,4.52,6.19,8.06,9.91,9.74,11.94,11.95,9.48,5.80,2.71,1.16,0.00,0.00,0.00,0.00,0.00,0.00 
2021-05-06, 12:40:58,R7: 0.5/18.0...3500µm,11.10 %,Water,8008,0,08,31.90,-1,2.00,1.00,12.00,Rep_09,124.38,375.80,712.07,0.12,0.81,3.54,6.27,12.57,13.96,21.53,91.03,0.00,0.05,0.00,0.07,0.13,0.26,0.39,0.71,1.18,1.49,1.99,3.05,4.64,4.54,4.54,6.24,8.13,10.01,9.83,12.01,11.96,9.41,5.70,2.61,1.07,0.00,0.00,0.00,0.00,0.00,0.00 
2021-05-06, 12:40:24,R7: 0.5/18.0...3500µm,10.57 %,Water,8008,0,08,31.90,-2,2.00,1.00,12.00,Rep_08,128.43,378.71,712.82,0.06,0.64,3.11,5.70,11.95,13.34,20.93,90.98,0.00,0.00,0.00,0.06,0.11,0.22,0.34,0.62,1.07,1.38,1.90,3.00,4.64,4.56,4.55,6.24,8.15,10.07,9.92,12.15,12.09,9.49,5.73,2.62,1.09,0.00,0.00,0.00,0.00,0.00,0.00 
2021-05-06, 12:39:51,R7: 0.5/18.0...3500µm,9.63 %,Water,8008,0,08,31.90,-3,2.00,1.00,12.00,Rep_07,132.92,376.81,702.23,0.00,0.44,2.57,5.00,11.27,12.69,20.51,91.79,0.00,0.00,0.00,0.00,0.08,0.16,0.26,0.51,0.92,1.26,1.81,2.96,4.73,4.69,4.69,6.41,8.36,10.32,10.15,12.39,12.25,9.46,5.48,2.29,0.82,0.00,0.00,0.00,0.00,0.00,0.00 
2021-05-06, 12:39:17,R7: 0.5/18.0...3500µm,8.58 %,Water,8008,0,08,31.90,-4,2.00,1.00,12.00,Rep_06,132.37,370.85,691.72,1.74,1.74,2.79,5.03,11.36,12.78,20.69,92.51,1.72,0.02,0.00,0.00,0.00,0.00,0.00,0.10,0.45,1.00,1.75,3.02,4.73,4.71,4.79,6.58,8.64,10.62,10.37,12.48,12.08,9.09,5.11,2.06,0.68,0.00,0.00,0.00,0.00,0.00,0.00 
2021-05-06, 12:38:40,R7: 0.5/18.0...3500µm,7.07 %,Water,8008,0,08,31.90,-5,2.00,1.00,12.00,Rep_05,161.64,385.34,683.20,0.00,0.05,0.72,1.95,6.95,8.21,16.04,93.29,0.00,0.00,0.00,0.00,0.00,0.00,0.06,0.13,0.28,0.51,0.97,2.08,4.17,4.63,4.81,6.79,9.18,11.58,11.41,13.73,13.06,9.54,5.07,1.68,0.32,0.00,0.00,0.00,0.00,0.00,0.00 
2021-05-06, 12:38:06,R7: 0.5/18.0...3500µm,5.43 %,Water,8008,0,08,31.90,-6,2.00,1.00,12.00,Rep_04,188.35,405.52,676.75,0.00,0.00,0.18,0.73,4.09,5.01,11.63,93.92,0.00,0.00,0.00,0.00,0.00,0.00,0.00,0.00,0.08,0.19,0.45,1.23,3.05,3.82,4.20,6.20,8.95,12.23,12.64,15.70,14.87,9.98,4.59,1.81,0.00,0.00,0.00,0.00,0.00,0.00,0.00 
2021-05-06, 12:37:33,R7: 0.5/18.0...3500µm,3.93 %,Water,8008,0,08,31.90,-7,2.00,1.00,12.00,Rep_03,236.52,459.16,699.94,0.00,0.00,0.00,0.10,1.49,1.92,6.14,92.71,0.00,0.00,0.00,0.00,0.00,0.00,0.00,0.00,0.00,0.00,0.10,0.39,1.44,2.32,2.84,4.40,6.72,10.43,12.64,17.83,19.43,13.77,5.64,1.52,0.54,0.00,0.00,0.00,0.00,0.00,0.00 
2021-05-06, 12:37:00,R7: 0.5/18.0...3500µm,2.58 %,Water,8008,0,08,31.90,-8,2.00,1.00,12.00,Rep_02,289.57,484.32,677.51,0.00,0.00,0.00,0.00,0.40,0.54,2.69,96.04,0.00,0.00,0.00,0.00,0.00,0.00,0.00,0.00,0.00,0.00,0.00,0.08,0.46,1.06,1.63,2.91,4.88,8.62,12.92,21.70,25.26,16.25,4.00,0.24,0.00,0.00,0.00,0.00,0.00,0.00,0.00 
2021-05-06, 12:36:25,R7: 0.5/18.0...3500µm,0.80 %,Water,8008,0,08,31.90,-9,2.00,1.00,12.00,Rep_01,284.24,444.42,618.51,0.00,0.00,0.00,0.00,0.15,0.20,1.72,97.31,0.00,0.00,0.00,0.00,0.00,0.00,0.00,0.00,0.00,0.00,0.00,0.02,0.18,0.63,1.34,3.20,6.76,12.99,17.44,24.35,21.77,8.50,1.63,0.45,0.43,0.30,0.00,0.00,0.00,0.00,0.00 
2021-05-06, 12:31:23,R7: 0.5/18.0...3500µm,5.28 %,Water,11006,0,06,29.00,Full,2.00,2.00,12.00,Rep_03,124.60,313.69,554.45,0.07,0.66,2.93,5.58,13.30,15.11,25.59,99.24,0.00,0.00,0.00,0.07,0.13,0.23,0.32,0.56,0.96,1.33,1.99,3.50,6.03,6.27,6.32,8.54,10.83,12.86,11.87,12.81,9.92,4.66,0.81,0.01,0.00,0.00,0.00,0.00,0.00,0.00,0.00 
2021-05-06, 12:30:57,R7: 0.5/18.0...3500µm,5.25 %,Water,11006,0,06,29.00,Full,2.00,2.00,12.00,Rep_02,124.96,315.00,556.10,0.13,0.70,2.91,5.54,13.20,14.99,25.44,99.12,0.00,0.06,0.00,0.07,0.13,0.22,0.30,0.54,0.94,1.31,1.97,3.47,5.98,6.25,6.30,8.49,10.77,12.81,11.87,12.91,10.00,4.67,0.91,0.03,0.00,0.00,0.00,0.00,0.00,0.00,0.00 
2021-05-06, 12:30:29,R7: 0.5/18.0...3500µm,5.26 %,Water,11006,0,06,29.00,Full,2.00,2.00,12.00,Rep_01,124.95,314.24,564.22,0.13,0.69,2.88,5.52,13.22,15.03,25.53,98.23,0.00,0.06,0.00,0.07,0.12,0.21,0.30,0.53,0.94,1.31,1.98,3.49,6.02,6.28,6.33,8.53,10.79,12.78,11.74,12.48,9.40,4.73,1.91,0.00,0.00,0.00,0.00,0.00,0.00,0.00,0.00 
2021-05-06, 12:29:21,R7: 0.5/18.0...3500µm,5.18 %,Water,11006,0,06,29.00,Full,2.00,1.00,12.00,Rep_03,124.83,315.90,570.89,0.07,0.67,2.92,5.55,13.24,15.05,25.49,97.81,0.00,0.00,0.00,0.07,0.13,0.23,0.32,0.56,0.96,1.31,1.97,3.48,6.02,6.26,6.28,8.44,10.65,12.59,11.57,12.40,9.56,4.91,1.64,0.43,0.16,0.07,0.00,0.00,0.00,0.00,0.00 
2021-05-06, 12:28:37,R7: 0.5/18.0...3500µm,5.16 %,Water,11006,0,06,29.00,Full,2.00,1.00,12.00,Rep_02,125.32,317.01,573.44,0.07,0.65,2.88,5.49,13.12,14.91,25.28,97.58,0.00,0.00,0.00,0.07,0.13,0.23,0.31,0.55,0.95,1.30,1.96,3.45,5.97,6.21,6.24,8.41,10.65,12.62,11.59,12.38,9.51,4.93,1.73,0.52,0.21,0.09,0.00,0.00,0.00,0.00,0.00 
2021-05-06, 12:27:52,R7: 0.5/18.0...3500µm,5.28 %,Water,11006,0,06,29.00,Full,2.00,1.00,12.00,Rep_01,127.80,317.59,569.44,0.00,0.04,1.73,4.69,12.61,14.40,24.79,97.96,0.00,0.00,0.00,0.00,0.00,0.00,0.06,0.23,0.74,1.40,2.26,3.77,5.94,6.17,6.34,8.52,10.83,12.78,11.73,12.55,9.63,4.90,1.60,0.39,0.12,0.04,0.00,0.00,0.00,0.00,0.00 
2021-05-06, 12:24:46,R7: 0.5/18.0...3500µm,0.76 %,Water,11006,0,06,29.00,17,2.00,1.00,12.00,Rep_36,312.34,449.12,588.06,0.00,0.00,0.00,0.00,0.00,0.00,0.20,100.00,0.00,0.00,0.00,0.00,0.00,0.00,0.00,0.00,0.00,0.00,0.00,0.00,0.00,0.05,0.24,1.38,5.53,13.65,19.11,27.62,25.48,6.96,0.00,0.00,0.00,0.00,0.00,0.00,0.00,0.00,0.00 
2021-05-06, 12:24:07,R7: 0.5/18.0...3500µm,1.32 %,Water,11006,0,06,29.00,16,2.00,1.00,12.00,Rep_35,314.48,474.47,643.22,0.00,0.00,0.00,0.00,0.00,0.00,0.31,99.08,0.00,0.00,0.00,0.00,0.00,0.00,0.00,0.00,0.00,0.00,0.00,0.00,0.00,0.07,0.36,1.67,5.24,11.01,15.28,24.04,27.25,14.09,0.99,0.00,0.00,0.00,0.00,0.00,0.00,0.00,0.00 
2021-05-06, 12:23:32,R7: 0.5/18.0...3500µm,2.27 %,Water,11006,0,06,29.00,15,2.00,1.00,12.00,Rep_34,301.89,480.39,671.44,0.00,0.00,0.00,0.00,0.03,0.05,0.78,96.66,0.00,0.00,0.00,0.00,0.00,0.00,0.00,0.00,0.00,0.00,0.00,0.00,0.05,0.22,0.78,2.63,6.01,10.41,13.63,21.56,25.29,15.83,3.59,0.00,0.00,0.00,0.00,0.00,0.00,0.00,0.00 
2021-05-06, 12:22:58,R7: 0.5/18.0...3500µm,2.76 %,Water,11006,0,06,29.00,14,2.00,1.00,12.00,Rep_33,262.91,446.48,659.86,0.00,0.00,0.00,0.00,0.15,0.19,2.21,95.92,0.00,0.00,0.00,0.00,0.00,0.00,0.00,0.00,0.00,0.00,0.00,0.04,0.15,0.69,1.99,4.92,8.54,12.31,14.55,20.55,20.60,11.34,3.29,1.03,0.00,0.00,0.00,0.00,0.00,0.00,0.00 
2021-05-06, 12:22:24,R7: 0.5/18.0...3500µm,2.80 %,Water,11006,0,06,29.00,13,2.00,1.00,12.00,Rep_32,221.95,386.82,589.60,0.00,0.00,0.00,0.00,0.37,0.51,5.88,97.89,0.00,0.00,0.00,0.00,0.00,0.00,0.00,0.00,0.00,0.00,0.00,0.06,0.45,2.23,4.70,8.54,11.76,15.22,15.71,18.45,14.35,6.29,1.57,0.37,0.19,0.08,0.00,0.00,0.00,0.00,0.00 
2021-05-06, 12:21:48,R7: 0.5/18.0...3500µm,3.34 %,Water,11006,0,06,29.00,12,2.00,1.00,12.00,Rep_31,192.36,341.40,538.26,0.00,0.00,0.00,0.04,1.40,1.90,11.86,99.36,0.00,0.00,0.00,0.00,0.00,0.00,0.00,0.00,0.00,0.00,0.04,0.18,1.68,5.09,7.31,10.56,13.59,16.75,15.53,15.55,9.74,3.29,0.69,0.00,0.00,0.00,0.00,0.00,0.00,0.00,0.00 
2021-05-06, 12:21:13,R7: 0.5/18.0...3500µm,3.84 %,Water,11006,0,06,29.00,11,2.00,1.00,12.00,Rep_30,167.99,312.78,510.41,0.00,0.00,0.02,0.21,4.18,5.50,18.58,99.45,0.00,0.00,0.00,0.00,0.00,0.00,0.00,0.00,0.00,0.05,0.16,0.89,4.40,7.50,8.37,11.18,14.01,16.17,13.77,12.72,7.59,2.61,0.60,0.00,0.00,0.00,0.00,0.00,0.00,0.00,0.00 
2021-05-06, 12:20:36,R7: 0.5/18.0...3500µm,4.51 %,Water,11006,0,06,29.00,10,2.00,1.00,12.00,Rep_29,150.79,293.64,499.92,0.04,0.04,0.37,1.25,7.89,9.78,23.90,99.38,0.00,0.04,0.00,0.00,0.00,0.00,0.00,0.06,0.13,0.29,0.74,2.23,6.30,8.33,8.68,11.30,13.64,14.97,12.22,11.08,6.78,2.54,0.67,0.00,0.00,0.00,0.00,0.00,0.00,0.00,0.00 
2021-05-06, 12:20:01,R7: 0.5/18.0...3500µm,5.23 %,Water,11006,0,06,29.00,9,2.00,1.00,12.00,Rep_28,129.05,278.10,497.88,2.35,2.35,2.63,4.12,13.03,15.32,29.52,99.29,2.30,0.05,0.00,0.00,0.00,0.00,0.00,0.00,0.09,0.39,1.29,3.59,7.62,8.53,8.50,10.60,12.54,13.56,11.05,10.16,6.40,2.56,0.77,0.00,0.00,0.00,0.00,0.00,0.00,0.00,0.00 
2021-05-06, 12:19:16,R7: 0.5/18.0...3500µm,5.94 %,Water,11006,0,06,29.00,8,2.00,1.00,12.00,Rep_27,124.98,275.02,502.62,0.05,0.40,1.77,4.22,14.56,17.13,31.25,99.11,0.00,0.05,0.00,0.00,0.09,0.14,0.16,0.28,0.55,0.99,1.96,4.37,8.54,8.72,8.12,10.07,11.92,13.08,10.78,10.01,6.45,2.77,0.96,0.00,0.00,0.00,0.00,0.00,0.00,0.00,0.00 
2021-05-06, 12:18:40,R7: 0.5/18.0...3500µm,6.58 %,Water,11006,0,06,29.00,7,2.00,1.00,12.00,Rep_26,116.00,270.03,504.07,0.12,0.59,2.67,5.97,17.16,19.79,33.35,99.04,0.00,0.06,0.00,0.07,0.11,0.18,0.24,0.43,0.87,1.45,2.57,5.04,8.78,8.45,7.66,9.53,11.39,12.60,10.47,9.84,6.42,2.81,1.04,0.00,0.00,0.00,0.00,0.00,0.00,0.00,0.00 
2021-05-06, 12:18:05,R7: 0.5/18.0...3500µm,7.32 %,Water,11006,0,06,29.00,6,2.00,1.00,12.00,Rep_25,108.62,268.21,508.62,0.15,0.75,3.69,7.71,19.01,21.57,34.37,98.90,0.00,0.07,0.00,0.08,0.13,0.22,0.33,0.63,1.26,1.93,3.06,5.32,8.54,7.97,7.25,9.16,11.11,12.39,10.31,9.70,6.41,2.96,1.18,0.00,0.00,0.00,0.00,0.00,0.00,0.00,0.00 
2021-05-06, 12:17:30,R7: 0.5/18.0...3500µm,8.16 %,Water,11006,0,06,29.00,5,2.00,1.00,12.00,Rep_24,104.95,271.52,513.09,0.09,0.92,4.52,8.72,19.54,21.97,34.15,99.45,0.00,0.00,0.00,0.09,0.17,0.32,0.47,0.86,1.55,2.14,3.13,5.16,8.08,7.55,6.95,8.88,10.83,12.23,10.44,10.23,7.16,3.18,0.58,0.01,0.00,0.00,0.00,0.00,0.00,0.00,0.00 
2021-05-06, 12:16:56,R7: 0.5/18.0...3500µm,8.83 %,Water,11006,0,06,29.00,4,2.00,1.00,12.00,Rep_23,102.71,274.19,524.94,0.29,1.21,5.04,9.32,19.80,22.12,33.91,99.02,0.00,0.08,0.09,0.11,0.19,0.35,0.51,0.93,1.65,2.23,3.16,5.05,7.76,7.27,6.77,8.69,10.64,12.06,10.36,10.26,7.32,3.46,0.91,0.13,0.00,0.00,0.00,0.00,0.00,0.00,0.00 
2021-05-06, 12:16:21,R7: 0.5/18.0...3500µm,9.41 %,Water,11006,0,06,29.00,3,2.00,1.00,12.00,Rep_22,100.07,273.38,528.79,0.19,1.32,5.58,9.98,20.42,22.73,34.31,98.89,0.00,0.00,0.08,0.11,0.23,0.44,0.63,1.10,1.83,2.35,3.23,5.05,7.69,7.15,6.64,8.56,10.50,11.92,10.23,10.15,7.33,3.59,1.01,0.17,0.00,0.00,0.00,0.00,0.00,0.00,0.00 
2021-05-06, 12:15:46,R7: 0.5/18.0...3500µm,9.77 %,Water,11006,0,06,29.00,2,2.00,1.00,12.00,Rep_21,96.84,273.74,536.20,0.66,1.83,6.25,10.74,20.99,23.24,34.53,98.60,0.28,0.11,0.12,0.14,0.25,0.45,0.64,1.13,1.91,2.43,3.28,5.01,7.49,6.95,6.51,8.41,10.30,11.69,10.09,10.12,7.43,3.77,1.20,0.28,0.00,0.00,0.00,0.00,0.00,0.00,0.00 
2021-05-06, 12:15:11,R7: 0.5/18.0...3500µm,10.04 %,Water,11006,0,06,29.00,1,2.00,1.00,12.00,Rep_20,94.18,269.59,530.12,0.73,2.03,6.75,11.41,21.80,24.07,35.39,98.71,0.32,0.12,0.14,0.15,0.28,0.50,0.70,1.23,2.04,2.55,3.38,5.11,7.56,6.97,6.52,8.41,10.28,11.63,9.99,9.95,7.21,3.59,1.12,0.25,0.00,0.00,0.00,0.00,0.00,0.00,0.00 
2021-05-06, 12:14:36,R7: 0.5/18.0...3500µm,9.91 %,Water,11006,0,06,29.00,0,2.00,1.00,12.00,Rep_19,93.44,266.97,527.95,0.76,2.06,6.87,11.61,22.17,24.46,35.88,98.71,0.34,0.12,0.14,0.15,0.28,0.50,0.71,1.25,2.08,2.60,3.44,5.19,7.66,7.04,6.57,8.44,10.28,11.58,9.88,9.77,7.06,3.54,1.12,0.26,0.00,0.00,0.00,0.00,0.00,0.00,0.00 
2021-05-06, 12:14:01,R7: 0.5/18.0...3500µm,9.57 %,Water,11006,0,06,29.00,-1,2.00,1.00,12.00,Rep_18,95.60,268.36,531.01,0.67,1.84,6.41,11.07,21.62,23.93,35.47,98.41,0.30,0.11,0.12,0.14,0.25,0.45,0.64,1.16,1.98,2.53,3.40,5.17,7.69,7.12,6.64,8.52,10.36,11.64,9.91,9.73,6.95,3.52,1.29,0.40,0.00,0.00,0.00,0.00,0.00,0.00,0.00 
2021-05-06, 12:13:27,R7: 0.5/18.0...3500µm,9.13 %,Water,11006,0,06,29.00,-2,2.00,1.00,12.00,Rep_17,100.45,274.99,533.42,0.28,1.31,5.48,9.89,20.24,22.52,34.04,98.73,0.00,0.08,0.09,0.11,0.21,0.39,0.57,1.05,1.80,2.35,3.23,5.03,7.61,7.09,6.63,8.54,10.44,11.84,10.22,10.23,7.45,3.69,1.12,0.23,0.00,0.00,0.00,0.00,0.00,0.00,0.00 
2021-05-06, 12:12:54,R7: 0.5/18.0...3500µm,8.41 %,Water,11006,0,06,29.00,-3,2.00,1.00,12.00,Rep_16,103.39,276.89,528.81,0.09,1.05,4.94,9.16,19.45,21.74,33.37,99.00,0.00,0.00,0.00,0.09,0.19,0.36,0.53,0.97,1.68,2.22,3.11,4.96,7.62,7.16,6.71,8.67,10.65,12.10,10.43,10.39,7.49,3.60,0.94,0.12,0.00,0.00,0.00,0.00,0.00,0.00,0.00 
2021-05-06, 12:12:18,R7: 0.5/18.0...3500µm,7.95 %,Water,11006,0,06,29.00,-4,2.00,1.00,12.00,Rep_15,106.75,282.18,548.67,0.07,0.85,4.35,8.36,18.50,20.77,32.35,97.59,0.00,0.00,0.00,0.07,0.15,0.30,0.45,0.84,1.51,2.07,2.98,4.85,7.56,7.13,6.67,8.61,10.58,12.03,10.35,10.26,7.37,3.72,1.34,0.44,0.23,0.16,0.18,0.15,0.00,0.00,0.00 
2021-05-06, 12:11:43,R7: 0.5/18.0...3500µm,7.28 %,Water,11006,0,06,29.00,-5,2.00,1.00,12.00,Rep_14,109.43,283.82,552.05,0.06,0.65,3.75,7.68,18.01,20.32,32.00,97.42,0.00,0.00,0.00,0.06,0.11,0.22,0.35,0.69,1.34,1.96,2.95,4.92,7.72,7.22,6.68,8.61,10.59,12.06,10.38,10.28,7.39,3.77,1.42,0.51,0.30,0.25,0.21,0.00,0.00,0.00,0.00 
2021-05-06, 12:11:08,R7: 0.5/18.0...3500µm,6.53 %,Water,11006,0,06,29.00,-6,2.00,1.00,12.00,Rep_13,114.48,282.27,536.04,0.04,0.44,2.80,6.39,17.11,19.56,31.88,98.58,0.00,0.04,0.00,0.00,0.08,0.15,0.23,0.47,1.01,1.66,2.76,4.99,8.18,7.68,6.97,8.83,10.79,12.31,10.62,10.54,7.49,3.68,1.53,0.00,0.00,0.00,0.00,0.00,0.00,0.00,0.00 
2021-05-06, 12:10:34,R7: 0.5/18.0...3500µm,5.84 %,Water,11006,0,06,29.00,-7,2.00,1.00,12.00,Rep_12,121.64,280.00,528.14,0.04,0.36,1.92,4.78,15.53,18.10,31.47,98.73,0.00,0.04,0.00,0.00,0.08,0.12,0.16,0.29,0.64,1.18,2.27,4.75,8.57,8.34,7.55,9.32,11.15,12.51,10.63,10.37,7.21,3.45,1.37,0.00,0.00,0.00,0.00,0.00,0.00,0.00,0.00 
2021-05-06, 12:10:00,R7: 0.5/18.0...3500µm,5.24 %,Water,11006,0,06,29.00,-8,2.00,1.00,12.00,Rep_11,129.58,283.65,521.21,0.04,0.33,1.42,3.47,13.10,15.55,29.48,98.95,0.00,0.04,0.00,0.00,0.08,0.11,0.13,0.22,0.43,0.80,1.66,3.92,8.15,8.57,8.05,9.93,11.74,13.02,10.99,10.62,7.19,3.20,1.13,0.00,0.00,0.00,0.00,0.00,0.00,0.00,0.00 
2021-05-06, 12:09:26,R7: 0.5/18.0...3500µm,4.63 %,Water,11006,0,06,29.00,-9,2.00,1.00,12.00,Rep_10,139.54,290.59,525.01,0.00,0.00,0.55,1.95,10.36,12.60,26.62,98.87,0.00,0.00,0.00,0.00,0.00,0.00,0.00,0.10,0.21,0.47,1.17,3.19,7.46,8.47,8.32,10.51,12.44,13.65,11.36,10.82,7.32,3.31,0.98,0.22,0.00,0.00,0.00,0.00,0.00,0.00,0.00 
2021-05-06, 12:08:51,R7: 0.5/18.0...3500µm,3.96 %,Water,11006,0,06,29.00,-10,2.00,1.00,12.00,Rep_09,157.38,302.87,522.70,0.03,0.03,0.05,0.33,6.10,7.93,22.10,99.10,0.00,0.03,0.00,0.00,0.00,0.00,0.00,0.00,0.00,0.05,0.26,1.50,6.09,8.44,8.60,11.03,13.30,14.80,12.42,11.76,7.64,3.13,0.96,0.00,0.00,0.00,0.00,0.00,0.00,0.00,0.00 
2021-05-06, 12:08:16,R7: 0.5/18.0...3500µm,3.53 %,Water,11006,0,06,29.00,-11,2.00,1.00,12.00,Rep_08,176.31,322.87,531.95,0.00,0.00,0.00,0.07,2.78,3.77,16.42,99.28,0.00,0.00,0.00,0.00,0.00,0.00,0.00,0.00,0.00,0.00,0.07,0.42,3.29,7.11,8.32,11.06,13.67,15.93,13.95,13.44,8.60,3.37,0.78,0.00,0.00,0.00,0.00,0.00,0.00,0.00,0.00 
2021-05-06, 12:07:38,R7: 0.5/18.0...3500µm,3.11 %,Water,11006,0,06,29.00,-12,2.00,1.00,12.00,Rep_07,201.02,356.88,561.26,0.00,0.00,0.00,0.00,0.86,1.20,9.77,98.93,0.00,0.00,0.00,0.00,0.00,0.00,0.00,0.00,0.00,0.00,0.00,0.09,1.11,4.16,6.63,10.02,12.84,15.98,15.48,16.64,11.51,4.39,1.15,0.00,0.00,0.00,0.00,0.00,0.00,0.00,0.00 
2021-05-06, 12:06:53,R7: 0.5/18.0...3500µm,2.95 %,Water,11006,0,06,29.00,-13,2.00,1.00,12.00,Rep_06,231.87,410.16,620.97,0.00,0.00,0.00,0.00,0.27,0.37,4.70,97.36,0.00,0.00,0.00,0.00,0.00,0.00,0.00,0.00,0.00,0.00,0.00,0.04,0.33,1.75,3.86,7.35,10.49,13.79,14.83,18.95,17.10,8.67,2.85,0.00,0.00,0.00,0.00,0.00,0.00,0.00,0.00 
2021-05-06, 12:06:21,R7: 0.5/18.0...3500µm,2.87 %,Water,11006,0,06,29.00,-13,2.00,1.00,12.00,Rep_05,235.10,412.65,621.64,0.00,0.00,0.00,0.00,0.22,0.30,4.26,97.34,0.00,0.00,0.00,0.00,0.00,0.00,0.00,0.00,0.00,0.00,0.00,0.03,0.27,1.54,3.63,7.21,10.47,13.76,14.91,19.23,17.38,8.70,2.87,0.00,0.00,0.00,0.00,0.00,0.00,0.00,0.00 
2021-05-06, 12:05:47,R7: 0.5/18.0...3500µm,2.62 %,Water,11006,0,06,29.00,-14,2.00,1.00,12.00,Rep_04,270.78,463.01,665.07,0.00,0.00,0.00,0.00,0.11,0.14,1.84,97.00,0.00,0.00,0.00,0.00,0.00,0.00,0.00,0.00,0.00,0.00,0.00,0.03,0.11,0.56,1.71,4.36,7.77,11.29,13.43,19.97,22.74,14.81,3.14,0.09,0.00,0.00,0.00,0.00,0.00,0.00,0.00 
2021-05-06, 12:05:12,R7: 0.5/18.0...3500µm,2.10 %,Water,11006,0,06,29.00,-15,2.00,1.00,12.00,Rep_03,299.13,485.07,683.81,0.00,0.00,0.00,0.00,0.03,0.04,0.83,95.41,0.00,0.00,0.00,0.00,0.00,0.00,0.00,0.00,0.00,0.00,0.00,0.00,0.04,0.23,0.84,2.80,6.20,10.35,12.98,20.37,24.49,16.77,4.94,0.00,0.00,0.00,0.00,0.00,0.00,0.00,0.00 
2021-05-06, 12:04:36,R7: 0.5/18.0...3500µm,1.27 %,Water,11006,0,06,29.00,-16,2.00,1.00,12.00,Rep_02,309.52,476.64,659.01,0.00,0.00,0.00,0.00,0.00,0.00,0.36,98.05,0.00,0.00,0.00,0.00,0.00,0.00,0.00,0.00,0.00,0.00,0.00,0.00,0.00,0.08,0.42,1.97,5.74,11.26,14.65,22.42,25.81,15.54,2.10,0.00,0.00,0.00,0.00,0.00,0.00,0.00,0.00 
2021-05-06, 12:03:45,R7: 0.5/18.0...3500µm,0.63 %,Water,11006,0,06,29.00,-17,2.00,1.00,12.00,Rep_01,307.69,454.24,600.74,0.00,0.00,0.00,0.00,0.00,0.00,0.25,100.00,0.00,0.00,0.00,0.00,0.00,0.00,0.00,0.00,0.00,0.00,0.00,0.00,0.00,0.04,0.31,1.75,6.18,13.38,17.49,25.33,25.45,10.06,0.00,0.00,0.00,0.00,0.00,0.00,0.00,0.00,0.00 
2021-05-06, 12:00:01,R7: 0.5/18.0...3500µm,4.84 %,Water,11003,0,03,43.50,Full,2.00,2.00,12.00,Rep_04,93.45,210.75,383.88,0.54,1.83,6.54,11.85,26.02,29.24,46.43,100.00,0.16,0.10,0.13,0.15,0.28,0.50,0.68,1.18,2.00,2.71,3.96,6.65,10.74,10.51,10.01,12.47,13.41,11.66,6.76,4.04,1.89,0.00,0.00,0.00,0.00,0.00,0.00,0.00,0.00,0.00,0.00 
2021-05-06, 11:59:35,R7: 0.5/18.0...3500µm,4.82 %,Water,11003,0,03,43.50,Full,2.00,2.00,12.00,Rep_03,94.20,212.66,382.28,0.53,1.79,6.39,11.62,25.64,28.83,45.86,100.00,0.16,0.10,0.12,0.15,0.27,0.48,0.66,1.15,1.96,2.66,3.90,6.58,10.64,10.41,9.93,12.46,13.59,12.11,7.18,4.09,1.19,0.21,0.00,0.00,0.00,0.00,0.00,0.00,0.00,0.00,0.00 
2021-05-06, 11:59:08,R7: 0.5/18.0...3500µm,4.81 %,Water,11003,0,03,43.50,Full,2.00,2.00,12.00,Rep_02,94.29,211.94,380.77,0.36,1.64,6.33,11.60,25.68,28.89,46.05,100.00,0.00,0.10,0.12,0.15,0.28,0.49,0.68,1.18,2.00,2.69,3.93,6.60,10.68,10.48,10.02,12.53,13.58,12.03,7.12,4.03,1.13,0.18,0.00,0.00,0.00,0.00,0.00,0.00,0.00,0.00,0.00 
2021-05-06, 11:57:24,R7: 0.5/18.0...3500µm,4.61 %,Water,11003,0,03,43.50,Full,2.00,1.00,12.00,Rep_03,94.43,211.15,379.97,0.37,1.64,6.28,11.57,25.79,29.03,46.29,100.00,0.00,0.10,0.12,0.15,0.28,0.49,0.67,1.16,1.98,2.69,3.95,6.66,10.79,10.56,10.05,12.52,13.53,11.96,7.05,3.98,1.13,0.18,0.00,0.00,0.00,0.00,0.00,0.00,0.00,0.00,0.00 
2021-05-06, 11:56:40,R7: 0.5/18.0...3500µm,4.50 %,Water,11003,0,03,43.50,Full,2.00,1.00,12.00,Rep_02,93.69,210.92,380.30,0.55,1.81,6.48,11.78,25.96,29.18,46.38,100.00,0.17,0.10,0.13,0.15,0.28,0.49,0.67,1.16,1.99,2.70,3.95,6.65,10.75,10.52,10.01,12.47,13.48,11.94,7.09,4.04,1.12,0.15,0.00,0.00,0.00,0.00,0.00,0.00,0.00,0.00,0.00 
2021-05-06, 11:55:54,R7: 0.5/18.0...3500µm,4.55 %,Water,11003,0,03,43.50,Full,2.00,1.00,12.00,Rep_01,93.54,210.25,378.32,0.54,1.83,6.52,11.82,26.03,29.27,46.56,100.00,0.16,0.10,0.13,0.15,0.28,0.50,0.68,1.17,2.00,2.70,3.95,6.66,10.78,10.58,10.08,12.54,13.51,11.89,6.99,3.92,1.07,0.16,0.00,0.00,0.00,0.00,0.00,0.00,0.00,0.00,0.00 
2021-05-06, 11:54:45,R7: 0.5/18.0...3500µm,0.81 %,Water,11003,0,03,43.50,17,2.00,1.00,12.00,Rep_34,234.55,314.71,409.06,0.00,0.00,0.00,0.00,0.00,0.00,1.48,100.00,0.00,0.00,0.00,0.00,0.00,0.00,0.00,0.00,0.00,0.00,0.00,0.00,0.00,0.18,1.95,12.82,27.21,31.96,19.41,5.93,0.53,0.00,0.00,0.00,0.00,0.00,0.00,0.00,0.00,0.00,0.00 
2021-05-06, 11:54:06,R7: 0.5/18.0...3500µm,1.40 %,Water,11003,0,03,43.50,16,2.00,1.00,12.00,Rep_33,223.56,310.55,417.04,0.00,0.00,0.00,0.00,0.00,0.00,3.57,100.00,0.00,0.00,0.00,0.00,0.00,0.00,0.00,0.00,0.00,0.00,0.00,0.00,0.00,0.93,3.95,15.09,25.04,28.34,17.50,7.32,1.82,0.00,0.00,0.00,0.00,0.00,0.00,0.00,0.00,0.00,0.00 
2021-05-06, 11:53:30,R7: 0.5/18.0...3500µm,1.90 %,Water,11003,0,03,43.50,15,2.00,1.00,12.00,Rep_32,207.54,295.47,413.54,0.00,0.00,0.00,0.00,0.18,0.26,7.88,100.00,0.00,0.00,0.00,0.00,0.00,0.00,0.00,0.00,0.00,0.00,0.00,0.00,0.26,2.00,8.44,17.77,23.69,24.97,14.44,6.49,1.96,0.00,0.00,0.00,0.00,0.00,0.00,0.00,0.00,0.00,0.00 
2021-05-06, 11:52:33,R7: 0.5/18.0...3500µm,2.45 %,Water,11003,0,03,43.50,14,2.00,1.00,12.00,Rep_31,187.04,274.00,401.53,0.00,0.00,0.00,0.00,0.68,0.98,15.62,100.00,0.00,0.00,0.00,0.00,0.00,0.00,0.00,0.00,0.00,0.00,0.00,0.00,0.98,5.97,13.02,19.25,22.47,20.70,11.00,5.00,1.62,0.00,0.00,0.00,0.00,0.00,0.00,0.00,0.00,0.00,0.00 
2021-05-06, 11:51:56,R7: 0.5/18.0...3500µm,2.94 %,Water,11003,0,03,43.50,13,2.00,1.00,12.00,Rep_30,166.59,249.98,389.10,0.00,0.00,0.00,-0.00,2.24,3.07,26.02,100.00,0.00,0.00,0.00,0.00,0.00,0.00,0.00,0.00,0.00,0.00,0.00,0.28,2.79,12.52,15.63,18.78,19.73,16.19,8.39,4.14,1.54,0.00,0.00,0.00,0.00,0.00,0.00,0.00,0.00,0.00,0.00 
2021-05-06, 11:50:54,R7: 0.5/18.0...3500µm,3.37 %,Water,11003,0,03,43.50,12,2.00,1.00,12.00,Rep_29,152.95,234.07,381.25,0.00,0.00,0.00,0.00,6.23,8.47,34.49,100.00,0.00,0.00,0.00,0.00,0.00,0.00,0.00,0.00,0.00,0.00,0.00,1.00,7.47,15.55,15.70,17.08,17.11,13.56,7.16,3.81,1.57,0.00,0.00,0.00,0.00,0.00,0.00,0.00,0.00,0.00,0.00 
2021-05-06, 11:50:20,R7: 0.5/18.0...3500µm,4.17 %,Water,11003,0,03,43.50,11,2.00,1.00,12.00,Rep_28,132.75,215.49,370.91,0.00,0.00,0.04,0.59,13.77,17.88,43.21,100.00,0.00,0.00,0.00,0.00,0.00,0.00,0.00,0.00,0.00,0.07,0.52,3.58,13.71,15.94,14.09,15.26,14.44,11.28,6.10,3.46,1.55,0.00,0.00,0.00,0.00,0.00,0.00,0.00,0.00,0.00,0.00 
2021-05-06, 11:49:40,R7: 0.5/18.0...3500µm,4.88 %,Water,11003,0,03,43.50,10,2.00,1.00,12.00,Rep_27,115.91,202.49,361.69,0.13,0.49,1.76,4.71,21.49,25.83,48.94,100.00,0.00,0.07,0.00,0.07,0.10,0.14,0.15,0.24,0.49,1.01,2.45,6.65,14.48,14.63,12.71,13.58,12.79,10.29,5.84,3.30,0.91,0.11,0.00,0.00,0.00,0.00,0.00,0.00,0.00,0.00,0.00 
2021-05-06, 11:49:05,R7: 0.5/18.0...3500µm,5.17 %,Water,11003,0,03,43.50,9,2.00,1.00,12.00,Rep_26,105.32,194.39,363.64,0.72,1.38,3.65,7.91,26.13,30.57,52.15,100.00,0.39,0.11,0.11,0.11,0.18,0.26,0.30,0.47,0.90,1.66,3.43,7.85,14.81,13.92,11.50,12.23,11.72,9.72,5.73,3.41,1.04,0.17,0.00,0.00,0.00,0.00,0.00,0.00,0.00,0.00,0.00 
2021-05-06, 11:48:31,R7: 0.5/18.0...3500µm,5.87 %,Water,11003,0,03,43.50,8,2.00,1.00,12.00,Rep_25,95.51,186.43,365.41,0.70,1.55,5.38,11.54,30.76,35.14,54.61,100.00,0.35,0.11,0.12,0.13,0.21,0.33,0.42,0.77,1.58,2.73,4.80,8.99,14.61,12.67,10.20,11.14,11.00,9.34,5.59,3.42,1.20,0.29,0.00,0.00,0.00,0.00,0.00,0.00,0.00,0.00,0.00 
2021-05-06, 11:47:54,R7: 0.5/18.0...3500µm,6.64 %,Water,11003,0,03,43.50,7,2.00,1.00,12.00,Rep_24,89.08,180.63,360.50,0.65,1.78,7.04,14.32,33.61,37.87,56.22,100.00,0.27,0.11,0.13,0.14,0.25,0.43,0.60,1.13,2.23,3.49,5.54,9.35,14.20,11.92,9.64,10.73,10.71,9.08,5.39,3.27,1.12,0.26,0.00,0.00,0.00,0.00,0.00,0.00,0.00,0.00,0.00 
2021-05-06, 11:47:20,R7: 0.5/18.0...3500µm,7.11 %,Water,11003,0,03,43.50,6,2.00,1.00,12.00,Rep_23,83.93,179.48,364.72,0.35,1.84,8.66,16.57,35.10,39.11,56.31,100.00,0.00,0.08,0.11,0.15,0.29,0.57,0.85,1.60,2.95,4.11,5.86,9.17,13.37,11.09,9.18,10.47,10.63,9.10,5.47,3.39,1.24,0.33,0.00,0.00,0.00,0.00,0.00,0.00,0.00,0.00,0.00 
2021-05-06, 11:46:45,R7: 0.5/18.0...3500µm,7.78 %,Water,11003,0,03,43.50,5,2.00,1.00,12.00,Rep_22,80.56,183.17,375.90,0.42,2.26,9.80,17.62,34.90,38.61,55.01,100.00,0.00,0.10,0.14,0.18,0.36,0.70,1.04,1.90,3.27,4.23,5.70,8.62,12.36,10.45,8.93,10.41,10.73,9.34,5.76,3.74,1.53,0.50,0.00,0.00,0.00,0.00,0.00,0.00,0.00,0.00,0.00 
2021-05-06, 11:46:11,R7: 0.5/18.0...3500µm,8.61 %,Water,11003,0,03,43.50,4,2.00,1.00,12.00,Rep_21,77.62,179.96,372.78,0.76,2.86,10.87,18.86,36.05,39.72,55.89,100.00,0.20,0.15,0.19,0.23,0.43,0.80,1.15,2.06,3.47,4.39,5.79,8.63,12.23,10.30,8.81,10.26,10.55,9.17,5.62,3.62,1.47,0.49,0.00,0.00,0.00,0.00,0.00,0.00,0.00,0.00,0.00 
2021-05-06, 11:45:37,R7: 0.5/18.0...3500µm,8.98 %,Water,11003,0,03,43.50,3,2.00,1.00,12.00,Rep_20,74.70,174.80,365.50,1.09,3.38,12.08,20.48,37.92,41.60,57.54,100.00,0.41,0.19,0.22,0.26,0.48,0.87,1.25,2.25,3.78,4.70,6.06,8.85,12.26,10.16,8.67,10.05,10.26,8.77,5.29,3.37,1.37,0.46,0.00,0.00,0.00,0.00,0.00,0.00,0.00,0.00,0.00 
2021-05-06, 11:45:03,R7: 0.5/18.0...3500µm,9.52 %,Water,11003,0,03,43.50,2,2.00,1.00,12.00,Rep_19,72.41,174.01,368.63,1.34,3.79,12.94,21.44,38.55,42.13,57.59,100.00,0.59,0.22,0.25,0.28,0.51,0.93,1.35,2.42,3.98,4.82,6.09,8.76,11.94,9.83,8.43,9.86,10.17,8.80,5.37,3.46,1.44,0.51,0.00,0.00,0.00,0.00,0.00,0.00,0.00,0.00,0.00 
2021-05-06, 11:44:29,R7: 0.5/18.0...3500µm,9.99 %,Water,11003,0,03,43.50,1,2.00,1.00,12.00,Rep_18,70.88,173.52,371.76,1.42,4.08,13.49,21.98,38.89,42.41,57.62,100.00,0.61,0.24,0.27,0.31,0.56,1.01,1.45,2.54,4.08,4.85,6.06,8.67,11.76,9.67,8.30,9.72,10.07,8.77,5.40,3.54,1.54,0.58,0.00,0.00,0.00,0.00,0.00,0.00,0.00,0.00,0.00 
2021-05-06, 11:43:55,R7: 0.5/18.0...3500µm,9.45 %,Water,11003,0,03,43.50,0,2.00,1.00,12.00,Rep_17,70.71,171.17,364.54,1.42,4.04,13.62,22.30,39.50,43.08,58.48,100.00,0.64,0.23,0.26,0.29,0.54,0.99,1.45,2.57,4.17,4.96,6.19,8.84,11.94,9.80,8.39,9.77,10.00,8.57,5.18,3.32,1.39,0.50,0.00,0.00,0.00,0.00,0.00,0.00,0.00,0.00,0.00 
2021-05-06, 11:43:20,R7: 0.5/18.0...3500µm,9.05 %,Water,11003,0,03,43.50,-1,2.00,1.00,12.00,Rep_16,72.80,173.60,365.36,1.25,3.66,12.82,21.35,38.57,42.18,57.82,100.00,0.54,0.21,0.24,0.27,0.49,0.91,1.34,2.41,3.99,4.84,6.11,8.80,12.02,9.94,8.54,9.95,10.19,8.73,5.27,3.37,1.37,0.46,0.00,0.00,0.00,0.00,0.00,0.00,0.00,0.00,0.00 
2021-05-06, 11:42:45,R7: 0.5/18.0...3500µm,8.69 %,Water,11003,0,03,43.50,-2,2.00,1.00,12.00,Rep_15,75.53,176.16,366.85,0.93,3.13,11.74,20.11,37.47,41.14,57.11,100.00,0.32,0.17,0.20,0.24,0.45,0.83,1.22,2.22,3.75,4.67,6.03,8.81,12.22,10.16,8.71,10.14,10.37,8.87,5.35,3.41,1.38,0.46,0.00,0.00,0.00,0.00,0.00,0.00,0.00,0.00,0.00 
2021-05-06, 11:42:09,R7: 0.5/18.0...3500µm,8.01 %,Water,11003,0,03,43.50,-3,2.00,1.00,12.00,Rep_14,78.47,181.19,373.76,0.41,2.47,10.56,18.54,35.68,39.34,55.55,100.00,0.00,0.08,0.13,0.19,0.40,0.79,1.17,2.10,3.50,4.40,5.78,8.60,12.21,10.30,8.85,10.34,10.65,9.22,5.64,3.64,1.50,0.52,0.00,0.00,0.00,0.00,0.00,0.00,0.00,0.00,0.00 
2021-05-06, 11:41:34,R7: 0.5/18.0...3500µm,7.47 %,Water,11003,0,03,43.50,-4,2.00,1.00,12.00,Rep_13,80.98,181.79,370.92,0.57,2.16,9.64,17.71,35.26,39.00,55.44,100.00,0.17,0.11,0.13,0.16,0.31,0.60,0.92,1.79,3.28,4.36,5.89,8.82,12.48,10.46,8.96,10.47,10.77,9.31,5.65,3.57,1.39,0.43,0.00,0.00,0.00,0.00,0.00,0.00,0.00,0.00,0.00 
2021-05-06, 11:40:59,R7: 0.5/18.0...3500µm,6.68 %,Water,11003,0,03,43.50,-5,2.00,1.00,12.00,Rep_12,85.36,181.21,366.19,0.20,1.46,8.15,16.13,34.60,38.58,55.78,100.00,0.00,0.00,0.09,0.11,0.23,0.47,0.75,1.51,2.92,4.15,5.91,9.18,13.27,11.04,9.24,10.60,10.76,9.21,5.54,3.46,1.29,0.28,0.00,0.00,0.00,0.00,0.00,0.00,0.00,0.00,0.00 
2021-05-06, 11:40:19,R7: 0.5/18.0...3500µm,6.24 %,Water,11003,0,03,43.50,-6,2.00,1.00,12.00,Rep_11,90.30,183.83,366.02,0.18,1.05,6.43,13.91,32.87,37.03,55.19,100.00,0.00,0.08,0.00,0.10,0.18,0.32,0.50,1.07,2.33,3.68,5.64,9.24,13.89,11.74,9.63,10.84,10.89,9.31,5.63,3.56,1.38,0.00,0.00,0.00,0.00,0.00,0.00,0.00,0.00,0.00,0.00 
2021-05-06, 11:39:44,R7: 0.5/18.0...3500µm,5.66 %,Water,11003,0,03,43.50,-7,2.00,1.00,12.00,Rep_10,98.07,189.23,368.59,0.30,1.01,4.57,10.66,29.73,34.09,53.72,100.00,0.00,0.09,0.10,0.11,0.17,0.27,0.35,0.67,1.47,2.67,4.76,8.91,14.53,12.72,10.37,11.40,11.22,9.40,5.53,3.39,1.35,0.52,0.00,0.00,0.00,0.00,0.00,0.00,0.00,0.00,0.00 
2021-05-06, 11:39:10,R7: 0.5/18.0...3500µm,5.06 %,Water,11003,0,03,43.50,-8,2.00,1.00,12.00,Rep_09,104.66,195.43,368.53,0.15,0.64,3.15,8.09,26.41,30.75,51.72,100.00,0.00,0.07,0.00,0.08,0.12,0.19,0.24,0.45,1.01,2.00,3.94,8.18,14.48,13.45,11.27,12.24,11.80,9.68,5.62,3.39,1.31,0.48,0.00,0.00,0.00,0.00,0.00,0.00,0.00,0.00,0.00 
2021-05-06, 11:38:33,R7: 0.5/18.0...3500µm,4.68 %,Water,11003,0,03,43.50,-9,2.00,1.00,12.00,Rep_08,119.80,204.59,366.00,0.00,0.00,0.53,3.05,20.64,25.17,48.09,100.00,0.00,0.00,0.00,0.00,0.00,0.00,0.00,0.06,0.17,0.61,2.21,7.02,15.10,14.61,12.47,13.63,13.06,10.47,5.87,3.42,1.30,0.00,0.00,0.00,0.00,0.00,0.00,0.00,0.00,0.00,0.00 
2021-05-06, 11:37:58,R7: 0.5/18.0...3500µm,3.69 %,Water,11003,0,03,43.50,-10,2.00,1.00,12.00,Rep_07,136.70,220.88,373.22,0.00,0.00,0.00,0.29,11.85,15.72,41.01,100.00,0.00,0.00,0.00,0.00,0.00,0.00,0.00,0.00,0.00,0.00,0.29,2.52,12.91,15.81,14.21,15.65,15.20,11.99,6.45,3.47,1.14,0.37,0.00,0.00,0.00,0.00,0.00,0.00,0.00,0.00,0.00 
2021-05-06, 11:37:22,R7: 0.5/18.0...3500µm,3.11 %,Water,11003,0,03,43.50,-11,2.00,1.00,12.00,Rep_06,155.19,237.00,374.75,0.00,0.00,0.00,0.00,5.43,7.41,32.77,100.00,0.00,0.00,0.00,0.00,0.00,0.00,0.00,0.00,0.00,0.00,0.00,0.80,6.61,14.99,15.56,17.84,18.12,14.28,7.31,3.54,0.94,0.00,0.00,0.00,0.00,0.00,0.00,0.00,0.00,0.00,0.00 
2021-05-06, 11:36:32,R7: 0.5/18.0...3500µm,2.17 %,Water,11003,0,03,43.50,-12,2.00,1.00,12.00,Rep_05,170.67,256.30,387.44,0.00,0.00,0.00,0.00,1.73,2.40,23.30,100.00,0.00,0.00,0.00,0.00,0.00,0.00,0.00,0.00,0.00,0.00,0.00,0.19,2.21,11.03,14.80,19.09,21.28,17.49,8.54,3.89,1.47,0.00,0.00,0.00,0.00,0.00,0.00,0.00,0.00,0.00,0.00 
2021-05-06, 11:35:56,R7: 0.5/18.0...3500µm,2.23 %,Water,11003,0,03,43.50,-13,2.00,1.00,12.00,Rep_04,190.80,280.84,402.42,0.00,0.00,0.00,0.00,0.63,0.90,13.52,100.00,0.00,0.00,0.00,0.00,0.00,0.00,0.00,0.00,0.00,0.00,0.00,0.00,0.90,4.97,11.48,18.40,23.10,22.72,11.92,5.05,1.46,0.00,0.00,0.00,0.00,0.00,0.00,0.00,0.00,0.00,0.00 
2021-05-06, 11:35:16,R7: 0.5/18.0...3500µm,1.45 %,Water,11003,0,03,43.50,-14,2.00,1.00,12.00,Rep_03,216.01,308.14,418.56,0.00,0.00,0.00,0.00,0.10,0.13,5.59,100.00,0.00,0.00,0.00,0.00,0.00,0.00,0.00,0.00,0.00,0.00,0.00,0.02,0.10,1.23,6.34,15.29,23.35,26.99,17.08,7.45,2.14,0.00,0.00,0.00,0.00,0.00,0.00,0.00,0.00,0.00,0.00 
2021-05-06, 11:34:33,R7: 0.5/18.0...3500µm,1.01 %,Water,11003,0,03,43.50,-15,2.00,1.00,12.00,Rep_02,228.05,315.50,415.41,0.01,0.01,0.01,0.01,0.01,0.01,2.90,100.00,0.00,0.01,0.00,0.00,0.00,0.00,0.00,0.00,0.00,0.00,0.00,0.00,0.00,0.78,3.16,13.39,24.92,29.93,19.27,7.27,1.26,0.00,0.00,0.00,0.00,0.00,0.00,0.00,0.00,0.00,0.00 
2021-05-06, 11:33:57,R7: 0.5/18.0...3500µm,0.58 %,Water,11003,0,03,43.50,-16,2.00,1.00,12.00,Rep_01,234.20,318.58,413.90,0.00,0.00,0.00,0.00,0.00,0.00,2.00,100.00,0.00,0.00,0.00,0.00,0.00,0.00,0.00,0.00,0.00,0.00,0.00,0.00,0.00,0.48,2.28,11.96,25.52,31.48,20.34,6.63,1.30,0.00,0.00,0.00,0.00,0.00,0.00,0.00,0.00,0.00,0.00 
2021-05-06, 11:29:34,R7: 0.5/18.0...3500µm,5.62 %,Water,11001,0,01,65.30,Full,2.00,2.00,12.00,Rep_03,63.20,126.86,217.94,3.09,6.19,18.38,31.54,59.10,64.89,85.56,100.00,1.77,0.43,0.44,0.45,0.74,1.18,1.58,2.88,5.32,7.19,9.56,14.05,19.30,14.43,9.35,6.67,3.20,1.09,0.37,0.00,0.00,0.00,0.00,0.00,0.00,0.00,0.00,0.00,0.00,0.00,0.00 
2021-05-06, 11:29:06,R7: 0.5/18.0...3500µm,5.73 %,Water,11001,0,01,65.30,Full,2.00,2.00,12.00,Rep_02,62.88,125.83,214.30,3.03,6.20,18.71,32.02,59.84,65.67,86.23,100.00,1.71,0.42,0.43,0.45,0.74,1.21,1.63,2.99,5.46,7.30,9.67,14.20,19.45,14.41,9.22,6.50,3.10,0.95,0.14,0.01,0.00,0.00,0.00,0.00,0.00,0.00,0.00,0.00,0.00,0.00,0.00 
2021-05-06, 11:28:41,R7: 0.5/18.0...3500µm,5.73 %,Water,11001,0,01,65.30,Full,2.00,2.00,12.00,Rep_01,63.21,126.51,217.91,2.99,6.14,18.43,31.66,59.35,65.16,85.63,100.00,1.67,0.42,0.44,0.46,0.75,1.20,1.61,2.92,5.35,7.23,9.62,14.14,19.36,14.33,9.21,6.58,3.21,1.13,0.39,0.00,0.00,0.00,0.00,0.00,0.00,0.00,0.00,0.00,0.00,0.00,0.00 
2021-05-06, 11:27:11,R7: 0.5/18.0...3500µm,5.56 %,Water,11001,0,01,65.30,Full,2.00,1.00,12.00,Rep_3,63.95,126.35,215.07,2.34,5.64,18.17,31.48,59.63,65.55,86.14,100.00,1.12,0.37,0.41,0.44,0.76,1.26,1.71,3.05,5.44,7.24,9.69,14.34,19.72,14.48,9.15,6.41,3.05,1.03,0.33,0.00,0.00,0.00,0.00,0.00,0.00,0.00,0.00,0.00,0.00,0.00,0.00 
2021-05-06, 11:26:27,R7: 0.5/18.0...3500µm,5.60 %,Water,11001,0,01,65.30,Full,2.00,1.00,12.00,Rep_2,63.44,126.27,215.20,2.81,6.00,18.35,31.66,59.60,65.46,86.07,100.00,1.51,0.41,0.43,0.46,0.75,1.22,1.63,2.94,5.37,7.25,9.68,14.26,19.55,14.45,9.24,6.56,3.16,0.97,0.14,0.01,0.00,0.00,0.00,0.00,0.00,0.00,0.00,0.00,0.00,0.00,0.00 
2021-05-06, 11:25:42,R7: 0.5/18.0...3500µm,5.85 %,Water,11001,0,01,65.30,Full,2.00,1.00,12.00,Rep_1,63.56,126.42,214.72,2.58,5.87,18.27,31.49,59.58,65.50,86.18,100.00,1.32,0.39,0.42,0.45,0.76,1.26,1.69,3.01,5.38,7.18,9.63,14.29,19.72,14.55,9.20,6.42,3.02,1.00,0.31,0.00,0.00,0.00,0.00,0.00,0.00,0.00,0.00,0.00,0.00,0.00,0.00 
2021-05-06, 11:24:14,R7: 0.5/18.0...3500µm,0.73 %,Water,11001,0,01,65.30,Full,2.00,1.00,12.00,Rep_0,185.06,232.79,294.79,0.00,0.00,0.00,0.00,0.00,0.00,21.23,100.00,0.00,0.00,0.00,0.00,0.00,0.00,0.00,0.00,0.00,0.00,0.00,0.00,0.00,6.20,22.55,37.29,26.75,7.21,0.00,0.00,0.00,0.00,0.00,0.00,0.00,0.00,0.00,0.00,0.00,0.00,0.00 
2021-05-06, 11:23:33,R7: 0.5/18.0...3500µm,1.39 %,Water,11001,0,01,65.30,16.00,2.00,1.00,12.00,Rep_33,176.68,220.97,284.86,0.00,0.00,0.00,0.00,0.00,0.00,30.16,100.00,0.00,0.00,0.00,0.00,0.00,0.00,0.00,0.00,0.00,0.00,0.00,0.00,0.00,11.25,28.38,37.85,17.97,4.56,0.00,0.00,0.00,0.00,0.00,0.00,0.00,0.00,0.00,0.00,0.00,0.00,0.00 
2021-05-06, 11:22:56,R7: 0.5/18.0...3500µm,2.05 %,Water,11001,0,01,65.30,15.00,2.00,1.00,12.00,Rep_32,162.73,204.31,267.33,0.00,0.00,0.00,0.00,0.57,0.82,45.11,100.00,0.00,0.00,0.00,0.00,0.00,0.00,0.00,0.00,0.00,0.00,0.00,0.00,0.82,21.63,34.00,29.92,10.50,3.14,0.00,0.00,0.00,0.00,0.00,0.00,0.00,0.00,0.00,0.00,0.00,0.00,0.00 
2021-05-06, 11:22:20,R7: 0.5/18.0...3500µm,2.47 %,Water,11001,0,01,65.30,14.00,2.00,1.00,12.00,Rep_31,151.89,188.43,244.47,0.00,0.00,0.00,0.00,5.54,7.92,62.38,100.00,0.00,0.00,0.00,0.00,0.00,0.00,0.00,0.00,0.00,0.00,0.00,0.00,7.92,33.05,32.12,19.62,5.68,1.61,0.00,0.00,0.00,0.00,0.00,0.00,0.00,0.00,0.00,0.00,0.00,0.00,0.00 
2021-05-06, 11:21:45,R7: 0.5/18.0...3500µm,2.65 %,Water,11001,0,01,65.30,13.00,2.00,1.00,12.00,Rep_30,133.77,173.23,233.42,0.00,0.00,0.00,0.00,15.12,21.50,74.74,100.00,0.00,0.00,0.00,0.00,0.00,0.00,0.00,0.00,0.00,0.00,0.00,0.24,21.27,36.80,24.66,12.03,3.79,1.22,0.00,0.00,0.00,0.00,0.00,0.00,0.00,0.00,0.00,0.00,0.00,0.00,0.00 
2021-05-06, 11:21:10,R7: 0.5/18.0...3500µm,3.20 %,Water,11001,0,01,65.30,12.00,2.00,1.00,12.00,Rep_29,123.28,159.48,215.79,0.00,0.00,0.00,0.00,29.88,39.99,83.11,100.00,0.00,0.00,0.00,0.00,0.00,0.00,0.00,0.00,0.00,0.00,0.00,6.31,33.67,31.70,17.14,8.11,2.48,0.49,0.09,0.00,0.00,0.00,0.00,0.00,0.00,0.00,0.00,0.00,0.00,0.00,0.00 
2021-05-06, 11:20:33,R7: 0.5/18.0...3500µm,4.00 %,Water,11001,0,01,65.30,11.00,2.00,1.00,12.00,Rep_28,108.08,144.15,203.85,0.00,0.00,0.00,2.85,46.16,57.14,88.55,100.00,0.00,0.00,0.00,0.00,0.00,0.00,0.00,0.00,0.00,0.00,2.85,17.70,36.59,23.85,11.34,5.45,1.77,0.37,0.08,0.00,0.00,0.00,0.00,0.00,0.00,0.00,0.00,0.00,0.00,0.00,0.00 
2021-05-06, 11:19:59,R7: 0.5/18.0...3500µm,5.13 %,Water,11001,0,01,65.30,10.00,2.00,1.00,12.00,Rep_27,92.51,132.77,194.03,0.00,0.00,3.06,15.68,58.28,67.33,91.68,100.00,0.00,0.00,0.00,0.00,0.00,0.00,0.00,0.18,0.87,4.02,10.61,21.49,30.16,18.72,8.45,3.90,1.24,0.29,0.07,0.00,0.00,0.00,0.00,0.00,0.00,0.00,0.00,0.00,0.00,0.00,0.00 
2021-05-06, 11:19:24,R7: 0.5/18.0...3500µm,5.86 %,Water,11001,0,01,65.30,9.00,2.00,1.00,12.00,Rep_26,78.84,124.55,187.30,2.56,4.00,10.62,25.82,64.75,72.82,92.85,100.00,1.57,0.33,0.33,0.32,0.47,0.58,0.53,0.75,2.54,6.39,12.01,20.09,26.91,15.54,6.74,3.26,1.17,0.36,0.11,0.00,0.00,0.00,0.00,0.00,0.00,0.00,0.00,0.00,0.00,0.00,0.00 
2021-05-06, 11:18:49,R7: 0.5/18.0...3500µm,7.02 %,Water,11001,0,01,65.30,8.00,2.00,1.00,12.00,Rep_25,69.77,117.20,182.89,1.85,3.86,16.47,33.73,69.31,76.45,93.27,100.00,0.95,0.28,0.30,0.32,0.52,0.78,0.94,2.25,5.65,8.96,12.78,18.91,23.80,13.00,5.74,3.03,1.20,0.43,0.16,0.00,0.00,0.00,0.00,0.00,0.00,0.00,0.00,0.00,0.00,0.00,0.00 
2021-05-06, 11:18:15,R7: 0.5/18.0...3500µm,7.54 %,Water,11001,0,01,65.30,7.00,2.00,1.00,12.00,Rep_24,64.16,112.83,180.88,2.96,5.60,20.47,38.33,71.66,78.15,93.44,100.00,1.69,0.42,0.42,0.43,0.68,1.00,1.28,2.87,6.72,9.93,12.90,18.18,21.64,11.69,5.40,2.98,1.21,0.42,0.15,0.00,0.00,0.00,0.00,0.00,0.00,0.00,0.00,0.00,0.00,0.00,0.00 
2021-05-06, 11:17:39,R7: 0.5/18.0...3500µm,8.20 %,Water,11001,0,01,65.30,6.00,2.00,1.00,12.00,Rep_23,60.58,108.47,177.85,2.66,6.06,24.12,42.47,74.27,80.28,93.98,100.00,1.35,0.41,0.44,0.47,0.77,1.25,1.84,4.06,8.23,10.62,13.05,17.77,20.04,10.47,4.85,2.73,1.13,0.40,0.15,0.00,0.00,0.00,0.00,0.00,0.00,0.00,0.00,0.00,0.00,0.00,0.00 
2021-05-06, 11:17:03,R7: 0.5/18.0...3500µm,9.05 %,Water,11001,0,01,65.30,5.00,2.00,1.00,12.00,Rep_22,56.29,104.70,177.42,2.64,6.97,27.97,46.05,75.69,81.19,93.93,100.00,1.41,0.39,0.41,0.44,0.79,1.53,2.67,5.51,9.45,10.75,12.71,16.81,18.33,9.64,4.66,2.76,1.22,0.44,0.10,0.00,0.00,0.00,0.00,0.00,0.00,0.00,0.00,0.00,0.00,0.00,0.00 
2021-05-06, 11:16:30,R7: 0.5/18.0...3500µm,10.21 %,Water,11001,0,01,65.30,4.00,2.00,1.00,12.00,Rep_21,53.71,103.54,179.75,2.38,8.13,29.63,47.16,75.39,80.60,93.32,100.00,1.07,0.38,0.43,0.50,1.02,2.18,3.40,6.01,9.40,10.49,12.29,16.05,17.39,9.48,4.86,3.03,1.40,0.50,0.11,0.02,0.00,0.00,0.00,0.00,0.00,0.00,0.00,0.00,0.00,0.00,0.00 
2021-05-06, 11:15:55,R7: 0.5/18.0...3500µm,10.03 %,Water,11001,0,01,65.30,3.00,2.00,1.00,12.00,Rep_20,51.76,100.34,176.54,1.90,9.11,31.98,49.73,77.17,82.15,94.01,100.00,0.46,0.36,0.46,0.62,1.36,2.82,4.04,6.65,9.84,10.72,12.39,15.82,16.61,8.87,4.48,2.75,1.24,0.42,0.08,0.00,0.00,0.00,0.00,0.00,0.00,0.00,0.00,0.00,0.00,0.00,0.00 
2021-05-06, 11:15:18,R7: 0.5/18.0...3500µm,10.36 %,Water,11001,0,01,65.30,2.00,2.00,1.00,12.00,Rep_19,50.67,99.15,176.46,1.69,9.64,33.07,50.75,77.56,82.40,93.95,100.00,0.16,0.33,0.49,0.71,1.56,3.13,4.34,6.95,10.03,10.75,12.30,15.53,16.12,8.62,4.40,2.74,1.26,0.45,0.11,0.02,0.00,0.00,0.00,0.00,0.00,0.00,0.00,0.00,0.00,0.00,0.00 
2021-05-06, 11:14:44,R7: 0.5/18.0...3500µm,10.73 %,Water,11001,0,01,65.30,1.00,2.00,1.00,12.00,Rep_18,50.17,98.37,176.02,1.48,9.90,33.77,51.43,77.89,82.65,94.03,100.00,0.00,0.24,0.48,0.76,1.69,3.33,4.54,7.16,10.18,10.78,12.27,15.37,15.85,8.48,4.36,2.73,1.25,0.44,0.10,0.00,0.00,0.00,0.00,0.00,0.00,0.00,0.00,0.00,0.00,0.00,0.00 
2021-05-06, 11:14:08,R7: 0.5/18.0...3500µm,11.26 %,Water,11001,0,01,65.30,0.00,2.00,1.00,12.00,Rep_17,49.99,99.28,179.04,1.73,10.01,33.29,50.62,76.85,81.60,93.34,100.00,0.10,0.33,0.53,0.77,1.68,3.28,4.44,6.98,9.92,10.56,12.05,15.15,15.83,8.68,4.60,2.98,1.43,0.54,0.14,0.04,0.00,0.00,0.00,0.00,0.00,0.00,0.00,0.00,0.00,0.00,0.00 
2021-05-06, 11:13:07,R7: 0.5/18.0...3500µm,11.18 %,Water,11001,0,01,65.30,-1.00,2.00,1.00,12.00,Rep_16,51.37,100.82,182.54,1.46,9.27,32.12,49.38,75.82,80.64,92.82,100.00,0.05,0.27,0.45,0.69,1.54,3.08,4.25,6.79,9.76,10.48,12.02,15.21,16.05,8.95,4.84,3.21,1.58,0.59,0.15,0.04,0.00,0.00,0.00,0.00,0.00,0.00,0.00,0.00,0.00,0.00,0.00 
2021-05-06, 11:12:28,R7: 0.5/18.0...3500µm,10.88 %,Water,11001,0,01,65.30,-2.00,2.00,1.00,12.00,Rep_15,52.62,101.35,179.11,1.51,8.59,31.31,48.94,76.29,81.26,93.38,100.00,0.23,0.29,0.41,0.58,1.31,2.77,4.00,6.61,9.79,10.65,12.30,15.73,16.60,9.00,4.67,2.97,1.40,0.52,0.13,0.04,0.00,0.00,0.00,0.00,0.00,0.00,0.00,0.00,0.00,0.00,0.00 
2021-05-06, 11:11:39,R7: 0.5/18.0...3500µm,10.64 %,Water,11001,0,01,65.30,-3.00,2.00,1.00,12.00,Rep_14,54.41,104.84,187.64,1.69,7.67,28.98,46.20,73.89,79.03,92.15,100.00,0.56,0.30,0.37,0.47,1.05,2.30,3.50,6.03,9.25,10.31,12.06,15.71,17.12,9.65,5.21,3.47,1.74,0.67,0.18,0.06,0.00,0.00,0.00,0.00,0.00,0.00,0.00,0.00,0.00,0.00,0.00 
2021-05-06, 11:11:03,R7: 0.5/18.0...3500µm,9.81 %,Water,11001,0,01,65.30,-4.00,2.00,1.00,12.00,Rep_13,57.05,105.53,183.44,1.44,6.30,27.61,45.46,74.37,79.72,92.77,100.00,0.58,0.24,0.28,0.34,0.74,1.79,3.10,5.81,9.40,10.65,12.52,16.42,17.84,9.71,5.01,3.21,1.54,0.59,0.16,0.06,0.00,0.00,0.00,0.00,0.00,0.00,0.00,0.00,0.00,0.00,0.00 
2021-05-06, 11:10:07,R7: 0.5/18.0...3500µm,8.97 %,Water,11001,0,01,65.30,-5.00,2.00,1.00,12.00,Rep_12,61.62,107.71,178.65,1.96,5.14,24.56,43.20,74.44,80.27,93.71,100.00,0.96,0.31,0.33,0.36,0.62,1.11,1.93,4.55,8.91,10.95,13.17,17.63,19.44,10.19,4.87,2.86,1.24,0.43,0.11,0.03,0.00,0.00,0.00,0.00,0.00,0.00,0.00,0.00,0.00,0.00,0.00 
2021-05-06, 11:08:48,R7: 0.5/18.0...3500µm,8.12 %,Water,11001,0,01,65.30,-6.00,2.00,1.00,12.00,Rep_10,64.22,111.97,184.09,2.25,4.90,21.22,39.29,71.74,77.98,92.87,100.00,1.20,0.33,0.35,0.37,0.61,0.98,1.42,3.36,7.45,10.30,12.92,17.89,20.80,11.28,5.41,3.17,1.42,0.54,0.15,0.05,0.00,0.00,0.00,0.00,0.00,0.00,0.00,0.00,0.00,0.00,0.00 
2021-05-06, 11:07:35,R7: 0.5/18.0...3500µm,7.43 %,Water,11001,0,01,65.30,-7.00,2.00,1.00,12.00,Rep_09,71.30,116.01,186.96,0.66,2.61,16.40,34.82,69.57,76.33,92.54,100.00,0.00,0.00,0.33,0.33,0.51,0.73,0.95,2.33,6.22,9.99,13.43,18.97,22.55,12.31,5.85,3.36,1.45,0.52,0.14,0.05,0.00,0.00,0.00,0.00,0.00,0.00,0.00,0.00,0.00,0.00,0.00 
2021-05-06, 11:07:00,R7: 0.5/18.0...3500µm,6.38 %,Water,11001,0,01,65.30,-8.00,2.00,1.00,12.00,Rep_08,74.56,121.54,191.12,1.82,3.56,13.56,29.82,65.98,73.37,91.94,100.00,0.97,0.27,0.29,0.30,0.47,0.68,0.78,1.53,4.34,7.87,12.33,18.91,24.64,14.20,6.54,3.54,1.49,0.58,0.19,0.08,0.00,0.00,0.00,0.00,0.00,0.00,0.00,0.00,0.00,0.00,0.00 
2021-05-06, 11:06:25,R7: 0.5/18.0...3500µm,5.40 %,Water,11001,0,01,65.30,-9.00,2.00,1.00,12.00,Rep_07,90.37,130.61,197.73,0.00,0.00,3.79,18.03,59.92,68.52,90.60,100.00,0.00,0.00,0.00,0.00,0.00,0.00,0.00,0.05,1.18,5.13,11.67,21.84,28.66,16.78,7.95,4.29,1.71,0.58,0.17,0.00,0.00,0.00,0.00,0.00,0.00,0.00,0.00,0.00,0.00,0.00,0.00 
2021-05-06, 11:05:37,R7: 0.5/18.0...3500µm,4.13 %,Water,11001,0,01,65.30,-10.00,2.00,1.00,12.00,Rep_06,106.90,142.90,206.05,0.00,0.00,0.00,3.52,47.70,58.59,87.88,100.00,0.00,0.00,0.00,0.00,0.00,0.00,0.00,0.00,0.00,0.00,3.52,18.77,36.29,22.31,10.48,5.52,2.20,0.70,0.20,0.00,0.00,0.00,0.00,0.00,0.00,0.00,0.00,0.00,0.00,0.00,0.00 
2021-05-06, 11:04:57,R7: 0.5/18.0...3500µm,3.42 %,Water,11001,0,01,65.30,-11.00,2.00,1.00,12.00,Rep_05,121.43,157.98,223.28,0.00,0.00,0.00,0.00,32.04,42.18,82.02,100.00,0.00,0.00,0.00,0.00,0.00,0.00,0.00,0.00,0.00,0.00,0.00,8.39,33.78,29.41,15.66,8.31,3.22,0.94,0.21,0.07,0.00,0.00,0.00,0.00,0.00,0.00,0.00,0.00,0.00,0.00,0.00 
2021-05-06, 11:04:22,R7: 0.5/18.0...3500µm,2.69 %,Water,11001,0,01,65.30,-12.00,2.00,1.00,12.00,Rep_04,132.64,175.10,242.97,0.00,0.00,0.00,0.00,16.07,22.62,70.82,100.00,0.00,0.00,0.00,0.00,0.00,0.00,0.00,0.00,0.00,0.00,0.00,0.81,21.80,32.73,23.22,13.88,5.60,1.54,0.32,0.11,0.00,0.00,0.00,0.00,0.00,0.00,0.00,0.00,0.00,0.00,0.00 
2021-05-06, 11:03:46,R7: 0.5/18.0...3500µm,2.11 %,Water,11001,0,01,65.30,-13.00,2.00,1.00,12.00,Rep_03,152.81,196.31,272.37,0.00,0.00,0.00,0.00,5.22,7.45,53.47,100.00,0.00,0.00,0.00,0.00,0.00,0.00,0.00,0.00,0.00,0.00,0.00,0.00,7.45,27.18,28.26,22.43,10.45,3.19,1.04,0.00,0.00,0.00,0.00,0.00,0.00,0.00,0.00,0.00,0.00,0.00,0.00 
2021-05-06, 11:03:09,R7: 0.5/18.0...3500µm,1.51 %,Water,11001,0,01,65.30,-14.00,2.00,1.00,12.00,Rep_02,166.67,218.08,293.31,0.00,0.00,0.00,0.00,0.65,0.92,35.00,100.00,0.00,0.00,0.00,0.00,0.00,0.00,0.00,0.00,0.00,0.00,0.00,0.00,0.92,16.33,26.61,30.37,18.19,6.04,1.23,0.30,0.00,0.00,0.00,0.00,0.00,0.00,0.00,0.00,0.00,0.00,0.00 
2021-05-06, 11:02:29,R7: 0.5/18.0...3500µm,0.71 %,Water,11001,0,01,65.30,-15.00,2.00,1.00,12.00,Rep_01,181.07,232.64,302.62,0.00,0.00,0.00,0.00,0.00,0.00,23.91,100.00,0.00,0.00,0.00,0.00,0.00,0.00,0.00,0.00,0.00,0.00,0.00,0.00,0.00,9.22,22.04,33.12,25.27,8.22,2.14,0.00,0.00,0.00,0.00,0.00,0.00,0.00,0.00,0.00,0.00,0.00,0.00 
